1 0.09583333333333341 0.33125 0.041666666666666734 0.33125 0.04166666666666674 0.37265625 0.09583333333333341 0.37265625
1 0.351388888888889 0.29765625 0.2986111111111112 0.29765625 0.2986111111111112 0.3359375 0.351388888888889 0.3359375
1 0.4638888888888889 0.17343750000000005 0.4222222222222222 0.17343750000000005 0.4222222222222222 0.20390625 0.4638888888888889 0.20390625
1 0.17916666666666675 0.39453125 0.12361111111111119 0.39453125 0.12361111111111119 0.4234375 0.17916666666666675 0.4234375
1 0.7069444444444446 0.41640625 0.6569444444444446 0.41640625 0.6569444444444446 0.44921875 0.7069444444444446 0.44921875
1 0.8319444444444445 0.46640625 0.7777777777777778 0.46640625 0.7777777777777778 0.50390625 0.8319444444444445 0.50390625
1 0.8555555555555555 0.40234375 0.7833333333333333 0.40234375 0.7833333333333333 0.45390625 0.8555555555555555 0.45390625
1 0.8944444444444445 0.3609375000000001 0.8319444444444445 0.3609375000000001 0.8319444444444445 0.40234375 0.8944444444444445 0.40234375
1 0.9166666666666666 0.3398437500000001 0.8597222222222223 0.3398437500000001 0.8597222222222223 0.3734375000000001 0.9166666666666666 0.3734375000000001
1 0.7722222222222223 0.6203125 0.7097222222222224 0.6203125 0.7097222222222224 0.659375 0.7722222222222223 0.659375
1 0.5069444444444444 0.14296875000000003 0.46944444444444444 0.14296875000000003 0.46944444444444444 0.17343750000000005 0.5069444444444444 0.17343750000000005