1 0.7555555555555555 0.490625 0.676388888888889 0.490625 0.676388888888889 0.5203125 0.7555555555555555 0.5203125
1 0.7305555555555555 0.475 0.6597222222222224 0.475 0.6597222222222224 0.50625 0.7305555555555555 0.50625
1 0.7069444444444446 0.41953125 0.6347222222222224 0.41953125 0.6347222222222224 0.4515625 0.7069444444444446 0.4515625
1 0.7402777777777778 0.37968750000000007 0.6875000000000001 0.37968750000000007 0.6875000000000001 0.40390625 0.7402777777777778 0.40390625
1 0.7361111111111112 0.3546875000000001 0.6861111111111111 0.3546875000000001 0.6861111111111112 0.3789062500000001 0.7361111111111112 0.3789062500000001
1 0.775 0.3476562500000001 0.7111111111111111 0.3476562500000001 0.7111111111111111 0.3695312500000001 0.775 0.3695312500000001
1 0.7361111111111112 0.40546875 0.690277777777778 0.40546875 0.690277777777778 0.43515625 0.7361111111111112 0.43515625
1 0.24027777777777787 0.42890625 0.17500000000000007 0.42890625 0.1750000000000001 0.45625 0.24027777777777787 0.45625
1 0.34583333333333344 0.36484375 0.2930555555555556 0.36484375 0.2930555555555556 0.38828125 0.34583333333333344 0.38828125
1 0.20555555555555569 0.51953125 0.14722222222222234 0.51953125 0.14722222222222234 0.55078125 0.2055555555555557 0.55078125
1 0.23055555555555562 0.221875 0.16944444444444448 0.221875 0.16944444444444448 0.24765625 0.23055555555555562 0.24765625
1 0.9305555555555559 0.76640625 0.8597222222222225 0.76640625 0.8597222222222225 0.78125 0.9305555555555559 0.78125