1 0.7111111111111111 0.41875 0.676388888888889 0.41875 0.676388888888889 0.4359375 0.7111111111111111 0.4359375
1 0.7319444444444444 0.45078125 0.6958333333333335 0.45078125 0.6958333333333335 0.4625 0.7319444444444444 0.4625
1 0.725 0.4640625 0.7000000000000002 0.4640625 0.7000000000000002 0.48125 0.725 0.48125
1 0.702777777777778 0.484375 0.6777777777777779 0.484375 0.6777777777777779 0.49921875 0.702777777777778 0.49921875
1 0.7097222222222224 0.50703125 0.676388888888889 0.50703125 0.676388888888889 0.51953125 0.7097222222222224 0.51953125
1 0.626388888888889 0.50859375 0.5944444444444446 0.50859375 0.5944444444444446 0.5234375 0.626388888888889 0.5234375
1 0.602777777777778 0.490625 0.5736111111111113 0.490625 0.5736111111111113 0.50625 0.602777777777778 0.50625
1 0.5277777777777779 0.56484375 0.501388888888889 0.56484375 0.501388888888889 0.57578125 0.5277777777777779 0.57578125
1 0.27916666666666673 0.26796875 0.2472222222222223 0.26796875 0.2472222222222223 0.28515625 0.27916666666666673 0.28515625
1 0.4736111111111111 0.30390625 0.44166666666666665 0.30390625 0.44166666666666665 0.31875 0.4736111111111111 0.31875
1 0.11111111111111119 0.29453125 0.0819444444444445 0.29453125 0.0819444444444445 0.31171875 0.11111111111111119 0.31171875
1 0.5916666666666668 0.59140625 0.5722222222222224 0.59140625 0.5722222222222224 0.60234375 0.5916666666666668 0.60234375