1 0.12638888888888897 0.2796875 0.09305555555555564 0.2796875 0.09305555555555564 0.29921875 0.12638888888888897 0.29921875
1 0.06527777777777785 0.37578125 0.0347222222222223 0.37578125 0.03472222222222231 0.39296875 0.06527777777777785 0.39296875
1 0.13333333333333344 0.48671875 0.1027777777777779 0.48671875 0.1027777777777779 0.50546875 0.13333333333333344 0.50546875
1 0.38472222222222235 0.63828125 0.36250000000000016 0.63828125 0.36250000000000016 0.6546875 0.38472222222222235 0.6546875
1 0.41111111111111126 0.6375 0.39027777777777795 0.6375 0.39027777777777795 0.653125 0.41111111111111126 0.653125
1 0.4361111111111113 0.62734375 0.41805555555555574 0.62734375 0.41805555555555574 0.640625 0.4361111111111113 0.640625
1 0.47916666666666685 0.62734375 0.4569444444444446 0.62734375 0.4569444444444446 0.6421875 0.47916666666666685 0.6421875
1 0.46111111111111125 0.5640625 0.4416666666666668 0.5640625 0.4416666666666668 0.5796875 0.46111111111111125 0.5796875
1 0.32222222222222235 0.6265625 0.3041666666666668 0.6265625 0.3041666666666668 0.64296875 0.32222222222222235 0.64296875
1 0.5819444444444446 0.52734375 0.5680555555555558 0.52734375 0.5680555555555558 0.53671875 0.5819444444444446 0.53671875
1 0.5708333333333335 0.521875 0.5597222222222223 0.521875 0.5597222222222223 0.53046875 0.5708333333333335 0.53046875
1 0.6152777777777779 0.565625 0.602777777777778 0.565625 0.602777777777778 0.57578125 0.6152777777777779 0.57578125
1 0.6097222222222224 0.5625 0.5972222222222224 0.5625 0.5972222222222224 0.5703125 0.6097222222222224 0.5703125