1 0.28194444444444444 0.14140625 0.23055555555555557 0.14140625 0.23055555555555557 0.18125 0.28194444444444444 0.18125
1 0.3819444444444444 0.21015625 0.3291666666666667 0.21015625 0.3291666666666667 0.253125 0.3819444444444444 0.253125
1 0.4236111111111111 0.2078125 0.37222222222222223 0.2078125 0.37222222222222223 0.24609375 0.4236111111111111 0.24609375
1 0.5402777777777777 0.28125 0.4875 0.28125 0.4875 0.3109375 0.5402777777777777 0.3109375
1 0.7583333333333333 0.17656250000000004 0.7125 0.17656250000000004 0.7125 0.2054687500000001 0.7583333333333333 0.2054687500000001
1 0.8 0.18515625000000005 0.7569444444444444 0.18515625000000005 0.7569444444444444 0.2171875000000001 0.8 0.2171875000000001
1 0.8555555555555555 0.13906250000000003 0.825 0.13906250000000003 0.825 0.16093750000000004 0.8555555555555555 0.16093750000000004
1 0.7930555555555555 0.22656250000000008 0.7458333333333333 0.22656250000000008 0.7458333333333333 0.2531250000000001 0.7930555555555555 0.2531250000000001
1 0.26805555555555566 0.2 0.21805555555555564 0.2 0.21805555555555564 0.2359375 0.26805555555555566 0.2359375
1 0.2250000000000001 0.21484375 0.1666666666666667 0.21484375 0.1666666666666667 0.24765625 0.2250000000000001 0.24765625
1 0.27638888888888896 0.22421875 0.2250000000000001 0.22421875 0.2250000000000001 0.2546875 0.27638888888888896 0.2546875
1 0.03333333333333339 0.21875 4.762515330017485e-17 0.21875 5.2727848296622145e-17 0.265625 0.033333333333333395 0.265625
1 0.06111111111111122 0.46484375 1.0120345076287154e-16 0.46484375 1.0571083134306667e-16 0.50625 0.06111111111111123 0.50625
1 0.7236111111111111 0.58984375 0.6638888888888891 0.58984375 0.6638888888888891 0.6328125 0.7236111111111111 0.6328125
1 0.9694444444444444 0.56328125 0.9125 0.56328125 0.9125 0.6015625 0.9694444444444444 0.6015625
1 0.9722222222222222 0.5296875 0.9125 0.5296875 0.9125 0.56640625 0.9722222222222222 0.56640625