1 0.1541666666666668 0.7734375 0.09861111111111127 0.7734375 0.09861111111111127 0.81484375 0.1541666666666668 0.81484375
1 0.1333333333333335 0.7125 0.08472222222222238 0.7125 0.08472222222222238 0.74765625 0.1333333333333335 0.74765625
1 0.18611111111111128 0.73125 0.13750000000000015 0.73125 0.13750000000000015 0.7625 0.18611111111111128 0.7625
1 0.18888888888888905 0.7015625 0.13194444444444461 0.7015625 0.13194444444444461 0.73984375 0.18888888888888905 0.73984375
1 0.2458333333333335 0.71328125 0.20138888888888903 0.71328125 0.20138888888888903 0.7453125 0.2458333333333335 0.7453125
1 0.31250000000000017 0.71953125 0.2694444444444446 0.71953125 0.2694444444444446 0.7484375 0.31250000000000017 0.7484375
1 0.6736111111111113 0.759375 0.6319444444444446 0.759375 0.6319444444444446 0.79140625 0.6736111111111113 0.79140625
1 0.7083333333333335 0.74765625 0.6750000000000002 0.74765625 0.6750000000000002 0.77421875 0.7083333333333335 0.77421875
1 0.4583333333333335 0.653125 0.4083333333333335 0.653125 0.4083333333333335 0.68828125 0.4583333333333335 0.68828125
1 0.5847222222222223 0.34375 0.5277777777777778 0.34375 0.5277777777777779 0.37734375 0.5847222222222224 0.37734375
1 0.7763888888888889 0.3671875000000001 0.7055555555555557 0.3671875000000001 0.7055555555555557 0.41015625 0.7763888888888889 0.41015625
1 0.029166666666666775 0.48046875 1.0460524742716974e-16 0.48046875 1.0817713392468286e-16 0.51328125 0.029166666666666775 0.51328125