1 0.7888888888888889 0.3335937500000001 0.7486111111111111 0.3335937500000001 0.7486111111111111 0.35234375000000007 0.7888888888888889 0.35234375000000007
1 0.7347222222222223 0.3226562500000001 0.6972222222222222 0.3226562500000001 0.6972222222222222 0.3398437500000001 0.7347222222222223 0.3398437500000001
1 0.6597222222222222 0.29218750000000004 0.6347222222222222 0.2921875 0.6347222222222222 0.30390625000000004 0.6597222222222222 0.3039062500000001
1 0.6444444444444445 0.2578125 0.6125 0.2578125 0.6125 0.2734375 0.6444444444444445 0.2734375
1 0.46250000000000013 0.57734375 0.4305555555555557 0.57734375 0.4305555555555557 0.59140625 0.46250000000000013 0.59140625
1 0.7263888888888891 0.7234375 0.6875000000000001 0.7234375 0.6875000000000001 0.73671875 0.7263888888888892 0.73671875
1 0.7222222222222225 0.73984375 0.688888888888889 0.73984375 0.688888888888889 0.75546875 0.7222222222222225 0.75546875
1 0.6958333333333335 0.75390625 0.6708333333333335 0.75390625 0.6708333333333335 0.7640625 0.6958333333333335 0.7640625
1 0.5861111111111112 0.76953125 0.5569444444444446 0.76953125 0.5569444444444446 0.7796875 0.5861111111111112 0.7796875
1 0.1027777777777779 0.5671875 0.076388888888889 0.5671875 0.076388888888889 0.584375 0.1027777777777779 0.584375
1 0.27500000000000013 0.5421875 0.24166666666666675 0.5421875 0.24166666666666678 0.55625 0.27500000000000013 0.55625
1 0.2361111111111112 0.43125 0.19861111111111118 0.43125 0.19861111111111118 0.4546875 0.2361111111111112 0.4546875