1 0.3722222222222224 0.37421875 0.3069444444444445 0.37421875 0.3069444444444445 0.4015625 0.3722222222222224 0.4015625
1 0.3944444444444446 0.36484375 0.3347222222222223 0.36484375 0.3347222222222223 0.38984375 0.3944444444444446 0.38984375
1 0.41388888888888886 0.315625 0.35555555555555557 0.315625 0.35555555555555557 0.3453125 0.41388888888888886 0.3453125
1 0.37222222222222223 0.29296875 0.3222222222222223 0.29296875 0.3222222222222223 0.32265625 0.37222222222222223 0.32265625
1 0.2055555555555557 0.56953125 0.14305555555555569 0.56953125 0.14305555555555569 0.5984375 0.2055555555555557 0.5984375
1 0.2902777777777779 0.68203125 0.20000000000000015 0.68203125 0.20000000000000015 0.73359375 0.2902777777777779 0.73359375
1 0.32777777777777795 0.72890625 0.24722222222222237 0.72890625 0.24722222222222237 0.76796875 0.32777777777777795 0.76796875
1 0.4444444444444446 0.75390625 0.3472222222222224 0.75390625 0.3472222222222224 0.78125 0.4444444444444446 0.78125
1 0.5555555555555557 0.74921875 0.4708333333333335 0.74921875 0.4708333333333335 0.77890625 0.5555555555555557 0.77890625
1 0.8680555555555556 0.68203125 0.7875 0.68203125 0.7875 0.71640625 0.8680555555555556 0.71640625
1 0.8430555555555556 0.3609375000000001 0.7875 0.3609375000000001 0.7875 0.38359375000000007 0.8430555555555556 0.38359375000000007
1 0.8805555555555555 0.43984375 0.8291666666666667 0.43984375 0.8291666666666667 0.46171875 0.8805555555555555 0.46171875
1 0.7333333333333333 0.33281250000000007 0.6902777777777778 0.33281250000000007 0.6902777777777778 0.3539062500000001 0.7333333333333333 0.3539062500000001