1 0.1430555555555556 0.27109375 0.10833333333333338 0.27109375 0.10833333333333339 0.28984375 0.14305555555555563 0.28984375
1 0.3097222222222223 0.23828125 0.27916666666666673 0.23828125 0.27916666666666673 0.25546875 0.3097222222222223 0.25546875
1 0.5097222222222222 0.27734375 0.47638888888888886 0.27734375 0.47638888888888886 0.29375 0.5097222222222222 0.29375
1 0.775 0.42265625 0.7458333333333333 0.42265625 0.7458333333333333 0.43515625 0.775 0.43515625
1 0.7722222222222223 0.43828125 0.7444444444444445 0.43828125 0.7444444444444445 0.45 0.7722222222222223 0.45
1 0.75 0.45390625 0.7263888888888889 0.45390625 0.7263888888888889 0.4640625 0.75 0.4640625
1 0.7527777777777778 0.47578125 0.7277777777777777 0.47578125 0.7277777777777777 0.48828125 0.7527777777777778 0.48828125
1 0.6430555555555557 0.4671875 0.6152777777777779 0.4671875 0.6152777777777779 0.478125 0.6430555555555557 0.478125
1 0.7541666666666667 0.3898437500000001 0.725 0.3898437500000001 0.725 0.4 0.7541666666666667 0.4
1 0.5666666666666669 0.5390625 0.5486111111111113 0.5390625 0.5486111111111113 0.54609375 0.5666666666666669 0.54609375
1 0.5541666666666668 0.53359375 0.5388888888888891 0.53359375 0.5388888888888891 0.53984375 0.5541666666666668 0.53984375
1 0.6361111111111113 0.5578125 0.6180555555555557 0.5578125 0.6180555555555557 0.565625 0.6361111111111113 0.565625
1 0.6250000000000001 0.5546875 0.6111111111111113 0.5546875 0.6111111111111113 0.56171875 0.6250000000000001 0.56171875