1 0.43472222222222223 0.26953125 0.4027777777777778 0.26953125 0.4027777777777778 0.2875 0.43472222222222223 0.2875
1 0.39027777777777783 0.359375 0.35416666666666674 0.359375 0.35416666666666674 0.37890625 0.39027777777777795 0.37890625
1 0.18888888888888897 0.3328125 0.16666666666666674 0.3328125 0.16666666666666674 0.3546875 0.18888888888888897 0.3546875
1 0.06805555555555562 0.31015625 0.03750000000000007 0.31015625 0.03750000000000007 0.32890625 0.06805555555555563 0.32890625
1 0.44722222222222235 0.46640625 0.4152777777777779 0.46640625 0.4152777777777779 0.48515625 0.44722222222222235 0.48515625
1 0.6347222222222224 0.6 0.6097222222222224 0.6 0.6097222222222224 0.615625 0.6347222222222224 0.615625
1 0.6958333333333335 0.61015625 0.6722222222222224 0.61015625 0.6722222222222224 0.63203125 0.6958333333333335 0.63203125
1 0.7236111111111111 0.61015625 0.6986111111111113 0.61015625 0.6986111111111113 0.62734375 0.7236111111111111 0.62734375
1 0.7458333333333333 0.59765625 0.725 0.59765625 0.725 0.61328125 0.7458333333333333 0.61328125
1 0.7902777777777777 0.60390625 0.7652777777777777 0.60390625 0.7652777777777777 0.61953125 0.7902777777777777 0.61953125
1 0.7986111111111112 0.5515625 0.775 0.5515625 0.775 0.5671875 0.7986111111111112 0.5671875
1 0.8916666666666667 0.50390625 0.875 0.50390625 0.875 0.5140625 0.8916666666666667 0.5140625
1 0.9263888888888889 0.5453125 0.9125 0.5453125 0.9125 0.55234375 0.9263888888888889 0.55234375
1 0.9166666666666666 0.54296875 0.9069444444444444 0.54296875 0.9069444444444444 0.55 0.9166666666666666 0.55