1 0.7236111111111111 0.3906250000000001 0.676388888888889 0.3906250000000001 0.676388888888889 0.42734375 0.7236111111111111 0.42734375
1 0.7402777777777778 0.40703125 0.6958333333333335 0.40703125 0.6958333333333335 0.43984375 0.7402777777777778 0.43984375
1 0.8277777777777777 0.41875 0.775 0.41875 0.775 0.45078125 0.8277777777777777 0.45078125
1 0.8680555555555556 0.4 0.8152777777777778 0.4 0.8152777777777778 0.42734375 0.8680555555555556 0.42734375
1 0.37777777777777777 0.29921875 0.32638888888888895 0.29921875 0.32638888888888895 0.33359375 0.37777777777777777 0.33359375
1 0.17638888888888896 0.33125 0.0847222222222223 0.33125 0.0847222222222223 0.38203125 0.17638888888888896 0.38203125
1 0.09444444444444453 0.3578125 0.02361111111111119 0.3578125 0.023611111111111194 0.403125 0.09444444444444453 0.403125
1 0.04861111111111121 0.4140625 9.014761160390239e-17 0.4140625 9.601571084981678e-17 0.46796875 0.04861111111111121 0.46796875
1 0.056944444444444554 0.48359375 0.0041666666666667716 0.48359375 0.004166666666666777 0.53125 0.05694444444444456 0.53125
1 0.17638888888888904 0.6609375 0.11527777777777794 0.6609375 0.11527777777777794 0.70703125 0.17638888888888904 0.70703125
1 0.7472222222222222 0.66171875 0.7069444444444446 0.66171875 0.7069444444444446 0.69296875 0.7472222222222222 0.69296875
1 0.6069444444444446 0.684375 0.5694444444444446 0.684375 0.5694444444444446 0.7140625 0.6069444444444446 0.7140625
1 0.7986111111111112 0.60625 0.7611111111111111 0.60625 0.7611111111111111 0.63046875 0.7986111111111112 0.63046875