1 0.11388888888888903 0.60703125 0.04583333333333347 0.60703125 0.04583333333333347 0.64765625 0.11388888888888905 0.64765625
1 0.20138888888888903 0.628125 0.14583333333333345 0.628125 0.14583333333333348 0.6625 0.20138888888888903 0.6625
1 0.076388888888889 0.53125 0.01944444444444456 0.53125 0.019444444444444563 0.56953125 0.076388888888889 0.56953125
1 0.2694444444444446 0.56796875 0.2166666666666668 0.56796875 0.2166666666666668 0.5984375 0.2694444444444446 0.5984375
1 0.23472222222222233 0.54375 0.17777777777777787 0.54375 0.1777777777777779 0.57421875 0.2347222222222224 0.57421875
1 0.4444444444444446 0.66796875 0.3930555555555557 0.66796875 0.3930555555555557 0.70390625 0.4444444444444446 0.70390625
1 0.5722222222222224 0.83203125 0.540277777777778 0.83203125 0.540277777777778 0.85546875 0.5722222222222224 0.85546875
1 0.8069444444444445 0.5484375 0.7569444444444444 0.5484375 0.7569444444444444 0.584375 0.8069444444444445 0.584375
1 0.9472222222222222 0.49375 0.8805555555555555 0.49375 0.8805555555555555 0.53671875 0.9472222222222222 0.53671875
1 0.9666666666666667 0.55 0.8958333333333334 0.55 0.8958333333333334 0.59453125 0.9666666666666667 0.59453125
1 0.8666666666666667 0.3398437500000001 0.8152777777777778 0.3398437500000001 0.8152777777777778 0.37578125000000007 0.8666666666666667 0.37578125000000007
1 0.5305555555555557 0.80390625 0.5000000000000001 0.80390625 0.5000000000000001 0.82734375 0.5305555555555557 0.82734375
1 0.9152777777777781 0.778125 0.8555555555555558 0.778125 0.8555555555555558 0.81484375 0.9152777777777781 0.81484375