1 0.39166666666666683 0.3640625 0.33888888888888896 0.3640625 0.33888888888888896 0.4078125 0.39166666666666683 0.4078125
1 0.47777777777777786 0.3515625 0.42777777777777776 0.3515625 0.42777777777777787 0.3828125 0.4777777777777779 0.3828125
1 0.7013888888888888 0.3070312500000001 0.6486111111111111 0.3070312500000001 0.6486111111111111 0.3460937500000001 0.7013888888888888 0.3460937500000001
1 0.22361111111111118 0.40625 0.1861111111111112 0.40625 0.1861111111111112 0.43515625 0.22361111111111118 0.43515625
1 0.18194444444444452 0.4046875 0.15555555555555564 0.4046875 0.15555555555555564 0.43125 0.18194444444444452 0.43125
1 0.21666666666666676 0.41875 0.16805555555555562 0.41875 0.16805555555555562 0.44765625 0.21666666666666676 0.44765625
1 0.3791666666666668 0.43203125 0.3097222222222223 0.43203125 0.3097222222222223 0.465625 0.3791666666666668 0.465625
1 0.5097222222222224 0.42578125 0.44027777777777793 0.42578125 0.44027777777777793 0.46328125 0.5097222222222224 0.46328125
1 0.5458333333333335 0.40703125 0.4958333333333335 0.40703125 0.4958333333333335 0.43515625 0.5458333333333335 0.43515625
1 0.8194444444444444 0.18125000000000005 0.7777777777777778 0.18125000000000005 0.7777777777777778 0.20468750000000008 0.8194444444444444 0.20468750000000008
1 0.8638888888888889 0.15312500000000004 0.8236111111111111 0.15312500000000004 0.8236111111111111 0.17734375000000005 0.8638888888888889 0.17734375000000005
1 0.11666666666666678 0.53046875 0.07916666666666679 0.53046875 0.07916666666666679 0.55859375 0.11666666666666678 0.55859375
1 0.17500000000000013 0.61484375 0.14444444444444457 0.61484375 0.14444444444444457 0.63671875 0.17500000000000016 0.63671875
1 0.25833333333333347 0.68671875 0.22361111111111126 0.68671875 0.22361111111111126 0.7125 0.25833333333333347 0.7125
1 0.3527777777777779 0.68515625 0.3250000000000002 0.68515625 0.3250000000000002 0.71015625 0.3527777777777779 0.71015625