1 0.20555555555555563 0.3921875 0.15277777777777785 0.3921875 0.15277777777777785 0.4234375 0.20555555555555563 0.4234375
1 0.2944444444444445 0.378125 0.2472222222222223 0.378125 0.2472222222222223 0.40703125 0.2944444444444445 0.40703125
1 0.5277777777777779 0.3375 0.48333333333333334 0.3375 0.4833333333333334 0.371875 0.5277777777777779 0.371875
1 0.20833333333333343 0.4546875 0.16250000000000012 0.4546875 0.16250000000000012 0.48515625 0.20833333333333343 0.48515625
1 0.0986111111111112 0.43125 0.05138888888888899 0.43125 0.05138888888888899 0.45546875 0.09861111111111123 0.45546875
1 0.05694444444444454 0.4265625 0.020833333333333426 0.4265625 0.02083333333333343 0.4515625 0.05694444444444454 0.4515625
1 0.08055555555555566 0.44453125 0.04305555555555565 0.44453125 0.04305555555555565 0.47265625 0.08055555555555566 0.47265625
1 0.5111111111111113 0.49921875 0.4708333333333335 0.49921875 0.4708333333333335 0.521875 0.5111111111111113 0.521875
1 0.7222222222222222 0.20468750000000008 0.6819444444444445 0.20468750000000008 0.6819444444444445 0.22812500000000008 0.7222222222222222 0.22812500000000008
1 0.7708333333333334 0.17734375000000005 0.7236111111111111 0.17734375000000005 0.7236111111111111 0.2023437500000001 0.7708333333333334 0.2023437500000001
1 0.1583333333333335 0.7171875 0.1194444444444446 0.7171875 0.1194444444444446 0.74140625 0.1583333333333335 0.74140625
1 0.9541666666666667 0.659375 0.8902777777777777 0.659375 0.8902777777777777 0.7 0.9541666666666667 0.7
1 0.9875 0.50546875 0.9222222222222223 0.50546875 0.9222222222222223 0.55078125 0.9875 0.55078125
1 1 0.4484375 0.9388888888888889 0.4484375 0.9388888888888889 0.4875 1 0.4875
1 0.9 0.45 0.8402777777777778 0.45 0.8402777777777778 0.49140625 0.9 0.49140625