1 0.4347222222222224 0.7125 0.40277777777777796 0.7125 0.40277777777777796 0.73046875 0.4347222222222224 0.73046875
1 0.39027777777777795 0.62109375 0.35416666666666685 0.62109375 0.35416666666666685 0.640625 0.39027777777777795 0.640625
1 0.19027777777777793 0.64609375 0.16666666666666682 0.64609375 0.16666666666666682 0.6671875 0.19027777777777793 0.6671875
1 0.0680555555555557 0.67109375 0.03750000000000015 0.67109375 0.03750000000000015 0.68984375 0.06805555555555572 0.68984375
1 0.44722222222222235 0.51484375 0.41666666666666685 0.51484375 0.41666666666666685 0.53359375 0.44722222222222235 0.53359375
1 0.6361111111111113 0.384375 0.6111111111111113 0.384375 0.6111111111111113 0.40078125 0.6361111111111113 0.40078125
1 0.6958333333333335 0.36796875000000007 0.6722222222222224 0.36796875000000007 0.6722222222222224 0.3906250000000001 0.6958333333333335 0.3906250000000001
1 0.7236111111111111 0.3726562500000001 0.6986111111111113 0.3726562500000001 0.6986111111111113 0.3898437500000001 0.7236111111111111 0.3898437500000001
1 0.7472222222222222 0.3867187500000001 0.725 0.3867187500000001 0.725 0.403125 0.7472222222222222 0.403125
1 0.7902777777777777 0.3812500000000001 0.7652777777777777 0.3812500000000001 0.7652777777777777 0.3968750000000001 0.7902777777777777 0.3968750000000001
1 0.7986111111111112 0.4328125 0.775 0.4328125 0.775 0.4484375 0.7986111111111112 0.4484375
1 0.8916666666666667 0.4859375 0.875 0.4859375 0.875 0.496875 0.8916666666666667 0.496875
1 0.9263888888888889 0.4484375 0.9125 0.4484375 0.9125 0.4546875 0.9263888888888889 0.4546875
1 0.9180555555555555 0.45078125 0.9069444444444444 0.45078125 0.9069444444444444 0.45703125 0.9180555555555555 0.45703125