1 0.3361111111111112 0.41015625 0.2583333333333334 0.41015625 0.2583333333333334 0.43984375 0.3361111111111112 0.43984375
1 0.29166666666666674 0.459375 0.2361111111111112 0.459375 0.2361111111111112 0.4875 0.29166666666666674 0.4875
1 0.22638888888888906 0.584375 0.15694444444444455 0.584375 0.15694444444444455 0.61328125 0.22638888888888906 0.61328125
1 0.38472222222222224 0.3234375 0.3333333333333334 0.3234375 0.3333333333333334 0.3453125 0.38472222222222224 0.3453125
1 0.37777777777777777 0.30625 0.33055555555555566 0.30625 0.33055555555555566 0.32109375 0.37777777777777777 0.32109375
1 0.4083333333333333 0.31328125 0.35694444444444445 0.31328125 0.35694444444444445 0.340625 0.4083333333333333 0.340625
1 0.44027777777777793 0.39375 0.3791666666666668 0.39375 0.3791666666666668 0.4328125 0.44027777777777793 0.4328125
1 0.4347222222222224 0.46640625 0.3680555555555557 0.46640625 0.3680555555555557 0.50546875 0.4347222222222224 0.50546875
1 0.38472222222222235 0.49765625 0.3347222222222223 0.49765625 0.3347222222222223 0.52578125 0.38472222222222235 0.52578125
1 0.6055555555555555 0.26328125 0.5541666666666667 0.26328125 0.5541666666666667 0.284375 0.6055555555555555 0.284375
1 0.7430555555555556 0.3000000000000001 0.7041666666666667 0.3000000000000001 0.7041666666666667 0.31718750000000007 0.7430555555555556 0.31718750000000007
1 0.8777777777777778 0.34453125000000007 0.8319444444444445 0.34453125000000007 0.8319444444444445 0.3648437500000001 0.8777777777777778 0.3648437500000001
1 0.8736111111111111 0.4015625 0.8291666666666667 0.4015625 0.8291666666666667 0.41796875 0.8736111111111111 0.41796875