1 0.23750000000000016 0.63984375 0.20416666666666683 0.63984375 0.20416666666666683 0.6625 0.23750000000000016 0.6625
1 0.21527777777777793 0.6109375 0.18472222222222237 0.6109375 0.18472222222222237 0.63203125 0.21527777777777793 0.63203125
1 0.15138888888888902 0.57578125 0.13055555555555567 0.57578125 0.13055555555555567 0.58984375 0.15138888888888902 0.58984375
1 0.09722222222222233 0.56328125 0.06944444444444456 0.56328125 0.06944444444444456 0.58125 0.09722222222222233 0.58125
1 0.6625000000000002 0.4609375 0.6375000000000002 0.4609375 0.6375000000000002 0.47890625 0.6625000000000002 0.47890625
1 0.9208333333333333 0.60546875 0.8972222222222223 0.60546875 0.8972222222222223 0.62734375 0.9208333333333333 0.62734375
1 0.9541666666666667 0.60625 0.9263888888888889 0.60625 0.9263888888888889 0.625 0.9541666666666667 0.625
1 0.9694444444444444 0.59609375 0.9513888888888888 0.59609375 0.9513888888888888 0.61015625 0.9694444444444444 0.61015625
1 0.9972222222222222 0.53203125 0.9791666666666666 0.53203125 0.9791666666666666 0.5484375 0.9972222222222222 0.5484375
1 0.65 0.26171875000000006 0.6194444444444445 0.26171875 0.6194444444444445 0.27656250000000004 0.65 0.2765625000000001
1 0.6000000000000001 0.3546875 0.575 0.3546875 0.5750000000000001 0.3734375 0.6000000000000002 0.3734375
1 0.41944444444444445 0.33046875 0.37777777777777777 0.33046875 0.37777777777777777 0.3515625 0.41944444444444445 0.3515625