1 0.126388888888889 0.52890625 0.10000000000000012 0.52890625 0.10000000000000012 0.54140625 0.126388888888889 0.54140625
1 0.2944444444444445 0.5 0.26527777777777783 0.5 0.26527777777777783 0.515625 0.2944444444444445 0.515625
1 0.2486111111111112 0.390625 0.21250000000000008 0.390625 0.21250000000000008 0.40859375 0.2486111111111112 0.40859375
1 0.6875 0.2414062500000001 0.6458333333333334 0.2414062500000001 0.6458333333333334 0.2601562500000001 0.6875 0.2601562500000001
1 0.7458333333333333 0.2773437500000001 0.7166666666666667 0.2773437500000001 0.7166666666666667 0.2914062500000001 0.7458333333333333 0.2914062500000001
1 0.8013888888888889 0.2867187500000001 0.7722222222222223 0.2867187500000001 0.7722222222222223 0.3039062500000001 0.8013888888888889 0.3039062500000001
1 0.7416666666666667 0.67421875 0.7125 0.67421875 0.7125 0.68828125 0.7416666666666667 0.68828125
1 0.7416666666666667 0.6953125 0.7125 0.6953125 0.7125 0.709375 0.7416666666666667 0.709375
1 0.7333333333333336 0.73046875 0.7000000000000002 0.73046875 0.7000000000000002 0.74375 0.7333333333333336 0.74375
1 0.7236111111111111 0.70625 0.6916666666666669 0.70625 0.6916666666666669 0.72109375 0.7236111111111111 0.72109375
1 0.47361111111111126 0.5328125 0.44583333333333347 0.5328125 0.44583333333333347 0.5484375 0.47361111111111126 0.5484375
1 0.7291666666666666 0.63984375 0.6916666666666669 0.63984375 0.6916666666666669 0.65546875 0.7291666666666666 0.65546875