1 0.05833333333333345 0.5046875 1.0987803225683197e-16 0.5046875 1.1362000858756e-16 0.5390625 0.05833333333333345 0.5390625
1 0.14722222222222234 0.5265625 0.052777777777777896 0.5265625 0.052777777777777896 0.5703125 0.14722222222222234 0.5703125
1 0.24166666666666684 0.7203125 0.15277777777777793 0.7203125 0.15277777777777793 0.7515625 0.24166666666666684 0.7515625
1 0.21388888888888904 0.740625 0.1472222222222224 0.740625 0.1472222222222224 0.765625 0.21388888888888904 0.765625
1 0.7555555555555555 0.659375 0.6722222222222224 0.659375 0.6722222222222224 0.703125 0.7555555555555555 0.703125
1 0.7722222222222224 0.70625 0.6972222222222224 0.70625 0.6972222222222224 0.7375 0.7722222222222226 0.7375
1 0.8888888888888888 0.48125 0.8111111111111111 0.48125 0.8111111111111111 0.5265625 0.8888888888888888 0.5265625
1 0.7694444444444445 0.4796875 0.7055555555555557 0.4796875 0.7055555555555557 0.5109375 0.7694444444444445 0.5109375
1 0.7333333333333333 0.4515625 0.6555555555555557 0.4515625 0.6555555555555557 0.484375 0.7333333333333333 0.484375
1 0.4805555555555556 0.35 0.4 0.35 0.4000000000000001 0.3875 0.48055555555555574 0.3875
1 1 0.25468750000000007 0.9777777777777777 0.25468750000000007 0.9777777777777777 0.2843750000000001 1 0.2843750000000001
1 0.3805555555555557 0.3765625 0.31111111111111117 0.3765625 0.31111111111111117 0.415625 0.3805555555555557 0.415625