1 0.7180555555555559 0.74609375 0.6791666666666668 0.74609375 0.6791666666666668 0.7765625 0.7180555555555559 0.7765625
1 0.7638888888888892 0.7359375 0.7138888888888892 0.7359375 0.7138888888888892 0.7703125 0.7638888888888892 0.7703125
1 0.2333333333333335 0.765625 0.17916666666666684 0.765625 0.17916666666666684 0.80390625 0.2333333333333335 0.80390625
1 0.2541666666666668 0.6984375 0.20000000000000015 0.6984375 0.20000000000000015 0.725 0.2541666666666668 0.725
1 0.24305555555555572 0.7203125 0.20000000000000015 0.7203125 0.20000000000000015 0.74921875 0.24305555555555572 0.74921875
1 0.32916666666666683 0.7015625 0.27500000000000013 0.7015625 0.27500000000000013 0.74140625 0.32916666666666683 0.74140625
1 0.3819444444444446 0.7046875 0.32916666666666683 0.7046875 0.32916666666666683 0.7453125 0.3819444444444446 0.7453125
1 0.19444444444444461 0.70546875 0.13472222222222238 0.70546875 0.13472222222222238 0.73984375 0.19444444444444461 0.73984375
1 0.06250000000000015 0.684375 0.002777777777777927 0.684375 0.0027777777777779314 0.72578125 0.06250000000000015 0.72578125
1 0.07361111111111121 0.465625 0.011111111111111214 0.465625 0.011111111111111217 0.496875 0.07361111111111121 0.496875
1 0.03750000000000008 0.340625 0.0027777777777778516 0.340625 0.002777777777777855 0.36953125 0.03750000000000008 0.36953125
1 0.6500000000000001 0.33515625000000004 0.5944444444444444 0.33515625 0.5944444444444446 0.37031250000000004 0.6500000000000001 0.3703125000000001
1 0.85 0.3671875000000001 0.7972222222222223 0.3671875000000001 0.7972222222222223 0.40703125 0.85 0.40703125
1 0.5041666666666669 0.6515625 0.4555555555555557 0.6515625 0.4555555555555557 0.6765625 0.5041666666666669 0.6765625