1 0.11388888888888897 0.35234375 0.04583333333333341 0.35234375 0.04583333333333341 0.39296875 0.11388888888888897 0.39296875
1 0.20000000000000007 0.33828125 0.14583333333333343 0.33828125 0.14583333333333343 0.371875 0.20000000000000007 0.371875
1 0.07638888888888899 0.43046875 0.01944444444444454 0.43046875 0.019444444444444542 0.46875 0.07638888888888899 0.46875
1 0.26944444444444454 0.40234375 0.21666666666666676 0.40234375 0.21666666666666676 0.43203125 0.26944444444444454 0.43203125
1 0.2347222222222223 0.42578125 0.17777777777777787 0.42578125 0.17777777777777787 0.45703125 0.2347222222222223 0.45703125
1 0.4444444444444444 0.29609375 0.39305555555555555 0.29609375 0.39305555555555555 0.33203125 0.4444444444444444 0.33203125
1 0.5708333333333333 0.14531250000000004 0.5388888888888889 0.14531250000000004 0.5388888888888889 0.16875000000000004 0.5708333333333333 0.16875000000000004
1 0.8069444444444445 0.415625 0.7569444444444444 0.415625 0.7569444444444444 0.4515625 0.8069444444444445 0.4515625
1 0.9472222222222222 0.46328125 0.8805555555555555 0.46328125 0.8805555555555555 0.50625 0.9472222222222222 0.50625
1 0.9666666666666667 0.40546875 0.8944444444444445 0.40546875 0.8944444444444445 0.45 0.9666666666666667 0.45
1 0.8666666666666667 0.62421875 0.8152777777777778 0.62421875 0.8152777777777778 0.66015625 0.8666666666666667 0.66015625
1 0.5305555555555556 0.17265625000000004 0.5 0.17265625000000004 0.5 0.19609375000000004 0.5305555555555556 0.19609375000000004
1 0.9152777777777777 0.18515625000000005 0.8555555555555555 0.18515625000000005 0.8555555555555555 0.2218750000000001 0.9152777777777777 0.2218750000000001