1 0.17500000000000007 0.26796875 0.11111111111111115 0.26796875 0.11111111111111117 0.31953125 0.17500000000000007 0.31953125
1 0.651388888888889 0.459375 0.5708333333333335 0.459375 0.5708333333333335 0.50625 0.651388888888889 0.50625
1 0.6638888888888891 0.39375000000000004 0.5763888888888891 0.39375 0.5763888888888891 0.4484375 0.6638888888888891 0.4484375
1 0.7125 0.34218750000000003 0.6416666666666667 0.3421875 0.6416666666666667 0.38046875 0.7125 0.3804687500000001
1 0.7583333333333333 0.31328125000000007 0.6902777777777778 0.31328125000000007 0.6902777777777779 0.36406250000000007 0.7583333333333333 0.36406250000000007
1 0.9555555555555556 0.2835937500000001 0.8763888888888889 0.2835937500000001 0.8763888888888889 0.3312500000000001 0.9555555555555556 0.3312500000000001
1 0.5083333333333333 0.14765625000000004 0.4666666666666667 0.14765625000000004 0.4666666666666667 0.18671875000000004 0.5083333333333333 0.18671875000000004
1 0.6208333333333333 0.15234375000000006 0.5513888888888889 0.15234375000000006 0.5513888888888889 0.18984375000000003 0.6208333333333333 0.18984375000000003
1 0.19583333333333341 0.45390625 0.138888888888889 0.45390625 0.138888888888889 0.4875 0.19583333333333341 0.4875
1 0.6430555555555557 0.63984375 0.5736111111111113 0.63984375 0.5736111111111113 0.6828125 0.6430555555555557 0.6828125
1 0.06388888888888904 0.64375 1.4015402256908598e-16 0.64375 1.4440626839945873e-16 0.6828125 0.06388888888888905 0.6828125