1 0.7166666666666667 0.2234375000000001 0.6791666666666667 0.2234375000000001 0.6791666666666667 0.2539062500000001 0.7166666666666667 0.2539062500000001
1 0.7638888888888888 0.23046875000000008 0.7138888888888889 0.23046875000000008 0.7138888888888889 0.2640625000000001 0.7638888888888888 0.2640625000000001
1 0.23194444444444454 0.19609375 0.17777777777777787 0.19609375 0.17777777777777787 0.234375 0.23194444444444454 0.234375
1 0.2527777777777779 0.275 0.19861111111111118 0.275 0.19861111111111118 0.30234375 0.2527777777777779 0.30234375
1 0.24166666666666675 0.25078125 0.19861111111111118 0.25078125 0.19861111111111118 0.2796875 0.24166666666666675 0.2796875
1 0.3291666666666667 0.25859375 0.2736111111111112 0.25859375 0.2736111111111112 0.2984375 0.3291666666666667 0.2984375
1 0.3819444444444444 0.25546875 0.3291666666666667 0.25546875 0.3291666666666667 0.29609375 0.3819444444444444 0.29609375
1 0.19444444444444453 0.2609375 0.13472222222222227 0.2609375 0.13472222222222227 0.29453125 0.19444444444444453 0.29453125
1 0.06250000000000006 0.27421875 0.002777777777777837 0.27421875 0.002777777777777842 0.315625 0.06250000000000006 0.315625
1 0.07361111111111122 0.503125 0.011111111111111219 0.503125 0.011111111111111224 0.53515625 0.07361111111111122 0.53515625
1 0.037500000000000144 0.63046875 0.0013888888888890264 0.63046875 0.0013888888888890295 0.659375 0.03750000000000015 0.659375
1 0.6500000000000001 0.6296875 0.5930555555555557 0.6296875 0.5930555555555557 0.66484375 0.6500000000000001 0.66484375
1 0.85 0.59375 0.7972222222222223 0.59375 0.7972222222222223 0.6328125 0.85 0.6328125
1 0.5041666666666667 0.32421875 0.45555555555555555 0.32421875 0.45555555555555555 0.34921875 0.5041666666666667 0.34921875