1 0.7305555555555555 0.490625 0.6958333333333335 0.490625 0.6958333333333335 0.50703125 0.7305555555555555 0.50703125
1 0.725 0.5078125 0.6944444444444446 0.5078125 0.6944444444444446 0.521875 0.725 0.521875
1 0.7083333333333335 0.459375 0.676388888888889 0.459375 0.676388888888889 0.47421875 0.7083333333333335 0.47421875
1 0.7041666666666668 0.5453125 0.676388888888889 0.5453125 0.676388888888889 0.56015625 0.7041666666666668 0.56015625
1 0.7013888888888891 0.52265625 0.6708333333333335 0.52265625 0.6708333333333335 0.53671875 0.7013888888888891 0.53671875
1 0.6208333333333335 0.5484375 0.5902777777777779 0.5484375 0.5902777777777779 0.56328125 0.6208333333333335 0.56328125
1 0.5958333333333334 0.53203125 0.5694444444444446 0.53203125 0.5694444444444446 0.546875 0.5958333333333334 0.546875
1 0.5236111111111112 0.60234375 0.4986111111111113 0.60234375 0.4986111111111113 0.615625 0.5236111111111112 0.615625
1 0.5902777777777779 0.63125 0.5736111111111113 0.63125 0.5736111111111113 0.6375 0.5902777777777779 0.6375
1 0.5847222222222224 0.62734375 0.5722222222222224 0.62734375 0.5722222222222224 0.63203125 0.5847222222222224 0.63203125
1 0.476388888888889 0.346875 0.4375 0.346875 0.43750000000000006 0.365625 0.47638888888888903 0.365625
1 0.2875000000000001 0.3109375 0.25000000000000006 0.3109375 0.25000000000000006 0.328125 0.2875000000000001 0.328125
1 0.11527777777777785 0.3359375 0.08055555555555563 0.3359375 0.08055555555555563 0.3515625 0.11527777777777785 0.3515625