1 0.5736111111111111 0.275 0.5513888888888889 0.275 0.5513888888888889 0.28984375 0.5736111111111111 0.28984375
1 0.5277777777777779 0.3671875 0.5000000000000001 0.3671875 0.5000000000000001 0.38359375 0.5277777777777779 0.38359375
1 0.3375000000000001 0.33828125 0.30416666666666675 0.33828125 0.30416666666666675 0.35859375 0.3375000000000001 0.35859375
1 0.07361111111111124 0.58125 0.040277777777777905 0.58125 0.040277777777777905 0.60546875 0.07361111111111125 0.60546875
1 0.12916666666666682 0.621875 0.10416666666666678 0.621875 0.10416666666666681 0.63828125 0.12916666666666682 0.63828125
1 0.15000000000000016 0.653125 0.12083333333333349 0.653125 0.12083333333333349 0.66953125 0.15000000000000016 0.66953125
1 0.8347222222222223 0.61953125 0.8097222222222222 0.61953125 0.8097222222222222 0.6359375 0.8347222222222223 0.6359375
1 0.8708333333333333 0.61953125 0.8458333333333333 0.61953125 0.8458333333333333 0.6359375 0.8708333333333333 0.6359375
1 0.9333333333333333 0.61171875 0.9097222222222222 0.61171875 0.9097222222222222 0.63046875 0.9333333333333333 0.63046875
1 0.8930555555555556 0.6078125 0.8666666666666667 0.6078125 0.8666666666666667 0.62578125 0.8930555555555556 0.62578125
1 0.5861111111111112 0.46953125 0.5583333333333335 0.46953125 0.5583333333333335 0.48515625 0.5861111111111112 0.48515625
1 0.7763888888888889 0.6078125 0.7486111111111111 0.6078125 0.7486111111111111 0.62890625 0.7763888888888889 0.62890625