1 0.3250000000000002 0.56484375 0.2902777777777779 0.56484375 0.2902777777777779 0.58203125 0.3250000000000002 0.58203125
1 0.3055555555555557 0.53828125 0.26944444444444454 0.53828125 0.26944444444444454 0.55 0.3055555555555557 0.55
1 0.301388888888889 0.51953125 0.27638888888888896 0.51953125 0.27638888888888896 0.53671875 0.301388888888889 0.53671875
1 0.3222222222222223 0.5015625 0.2972222222222223 0.5015625 0.2972222222222223 0.51640625 0.3222222222222223 0.51640625
1 0.32500000000000007 0.48125 0.29166666666666674 0.48125 0.29166666666666674 0.49375 0.32500000000000007 0.49375
1 0.4069444444444446 0.47734375 0.37500000000000017 0.47734375 0.37500000000000017 0.4921875 0.4069444444444446 0.4921875
1 0.42638888888888904 0.49453125 0.39722222222222237 0.49453125 0.39722222222222237 0.51015625 0.42638888888888904 0.51015625
1 0.5000000000000001 0.42421875 0.47361111111111126 0.42421875 0.47361111111111126 0.43515625 0.5000000000000001 0.43515625
1 0.7541666666666669 0.715625 0.7222222222222222 0.715625 0.7222222222222224 0.7328125 0.754166666666667 0.7328125
1 0.5597222222222223 0.68125 0.5277777777777779 0.68125 0.5277777777777779 0.69609375 0.5597222222222223 0.69609375
1 0.9194444444444444 0.6890625 0.8902777777777777 0.6890625 0.8902777777777777 0.70625 0.9194444444444444 0.70625
1 0.4291666666666668 0.3984375 0.4097222222222224 0.3984375 0.4097222222222224 0.409375 0.4291666666666668 0.409375