1 0.1430555555555557 0.71015625 0.10833333333333349 0.71015625 0.10833333333333349 0.72890625 0.1430555555555557 0.72890625
1 0.3097222222222224 0.74453125 0.27916666666666684 0.74453125 0.27916666666666684 0.76171875 0.3097222222222224 0.76171875
1 0.5097222222222224 0.70703125 0.47638888888888903 0.70703125 0.47638888888888903 0.7234375 0.5097222222222224 0.7234375
1 0.775 0.56484375 0.7458333333333333 0.56484375 0.7458333333333333 0.57734375 0.775 0.57734375
1 0.7722222222222223 0.55 0.7444444444444445 0.55 0.7444444444444445 0.56171875 0.7722222222222223 0.56171875
1 0.75 0.5359375 0.7263888888888889 0.5359375 0.7263888888888889 0.54609375 0.75 0.54609375
1 0.7527777777777778 0.51171875 0.7277777777777777 0.51171875 0.7277777777777777 0.52421875 0.7527777777777778 0.52421875
1 0.6430555555555557 0.521875 0.6152777777777779 0.521875 0.6152777777777779 0.5328125 0.6430555555555557 0.5328125
1 0.7541666666666667 0.6 0.725 0.6 0.725 0.61015625 0.7541666666666667 0.61015625
1 0.5666666666666669 0.4546875 0.5486111111111113 0.4546875 0.5486111111111113 0.46171875 0.5666666666666669 0.46171875
1 0.5541666666666668 0.46015625 0.5388888888888891 0.46015625 0.5388888888888891 0.46640625 0.5541666666666668 0.46640625
1 0.6361111111111113 0.43515625 0.6180555555555557 0.43515625 0.6180555555555557 0.44296875 0.6361111111111113 0.44296875
1 0.6250000000000001 0.4390625 0.6111111111111113 0.4390625 0.6111111111111113 0.44609375 0.6250000000000001 0.44609375