1 0.7236111111111111 0.640625 0.6750000000000002 0.640625 0.6750000000000002 0.66484375 0.7236111111111111 0.66484375
1 0.7236111111111111 0.61171875 0.6638888888888891 0.61171875 0.6638888888888891 0.64140625 0.7236111111111111 0.64140625
1 0.688888888888889 0.62421875 0.6430555555555557 0.62421875 0.6430555555555557 0.659375 0.688888888888889 0.659375
1 0.8694444444444445 0.5546875 0.8097222222222222 0.5546875 0.8097222222222222 0.58203125 0.8694444444444445 0.58203125
1 0.8305555555555556 0.5140625 0.7708333333333334 0.5140625 0.7708333333333334 0.54296875 0.8305555555555556 0.54296875
1 0.7833333333333333 0.42890625 0.7180555555555556 0.42890625 0.7180555555555556 0.4578125 0.7833333333333333 0.4578125
1 0.8027777777777778 0.39531250000000007 0.7472222222222222 0.39531250000000007 0.7472222222222222 0.421875 0.8027777777777778 0.421875
1 0.6611111111111113 0.503125 0.5958333333333334 0.503125 0.5958333333333334 0.5359375 0.6611111111111113 0.5359375
1 0.5666666666666669 0.50546875 0.5166666666666668 0.50546875 0.5166666666666668 0.53515625 0.5666666666666669 0.53515625
1 0.47638888888888903 0.6796875 0.4277777777777779 0.6796875 0.4277777777777779 0.7 0.47638888888888903 0.7
1 0.19027777777777793 0.6546875 0.14166666666666683 0.6546875 0.14166666666666683 0.67265625 0.19027777777777793 0.67265625
1 0.6486111111111112 0.40390625 0.5930555555555557 0.40390625 0.5930555555555557 0.43125 0.6486111111111112 0.43125
1 0.6958333333333335 0.36953125000000003 0.6333333333333335 0.36953125 0.6333333333333335 0.39765625000000004 0.6958333333333335 0.3976562500000001
1 0.8555555555555555 0.27031250000000007 0.8013888888888889 0.27031250000000007 0.8013888888888889 0.3000000000000001 0.8555555555555555 0.3000000000000001