1 0.2671875 0.5361111111111111 0.22421875 0.5361111111111111 0.22421875 0.5888888888888889 0.2671875 0.5888888888888889
1 0.265625 0.5861111111111111 0.225 0.5861111111111111 0.225 0.6388888888888888 0.265625 0.6388888888888888
1 0.2718750000000001 0.7194444444444444 0.2468750000000001 0.7194444444444444 0.2468750000000001 0.7486111111111111 0.2718750000000001 0.7486111111111111
1 0.2835937500000001 0.7486111111111111 0.2554687500000001 0.7486111111111111 0.2554687500000001 0.7805555555555556 0.2835937500000001 0.7805555555555556
1 0.3734375 0.513888888888889 0.32734375 0.5138888888888888 0.32734375 0.5680555555555556 0.3734375 0.5680555555555558
1 0.30859375 0.45416666666666666 0.26953125 0.45416666666666666 0.26953125 0.5069444444444444 0.30859375 0.5069444444444444
1 0.2359375 0.29027777777777786 0.21875 0.29027777777777786 0.21875 0.3444444444444445 0.2359375 0.3444444444444445
1 0.2640625 0.32777777777777783 0.22734375 0.32777777777777783 0.22734375 0.37916666666666665 0.2640625 0.37916666666666665
1 0.54375 1.1404523317059726e-16 0.50390625 1.0970794242361706e-16 0.50390625 0.013888888888889003 0.54375 0.013888888888889008
1 0.73984375 0.7722222222222224 0.7015625 0.7722222222222223 0.7015625 0.8319444444444446 0.73984375 0.8319444444444447
1 0.71796875 0.32916666666666683 0.66875 0.32916666666666683 0.66875 0.3944444444444446 0.71796875 0.3944444444444446