1 1 0.4609375 0.9416666666666667 0.4609375 0.9416666666666667 0.4953125 1 0.4953125
1 0.9472222222222222 0.4296875 0.8527777777777777 0.4296875 0.8527777777777777 0.4734375 0.9472222222222222 0.4734375
1 0.8472222222222222 0.2484375000000001 0.7583333333333333 0.2484375000000001 0.7583333333333333 0.2796875000000001 0.8472222222222222 0.2796875000000001
1 0.8527777777777777 0.23437500000000008 0.7861111111111111 0.23437500000000008 0.7861111111111111 0.2593750000000001 0.8527777777777777 0.2593750000000001
1 0.32777777777777783 0.296875 0.24444444444444452 0.296875 0.24444444444444452 0.340625 0.32777777777777783 0.340625
1 0.30277777777777787 0.2625 0.22777777777777786 0.2625 0.22777777777777786 0.29375 0.30277777777777787 0.29375
1 0.18888888888888897 0.4734375 0.11111111111111123 0.4734375 0.11111111111111123 0.51875 0.18888888888888897 0.51875
1 0.2944444444444445 0.4890625 0.23055555555555562 0.4890625 0.23055555555555562 0.5203125 0.2944444444444445 0.5203125
1 0.34444444444444455 0.515625 0.2666666666666667 0.515625 0.2666666666666668 0.5484375 0.3444444444444446 0.5484375
1 0.6000000000000002 0.6125 0.5194444444444446 0.6125 0.5194444444444446 0.65 0.6000000000000002 0.65
1 0.02222222222222238 0.715625 1.558022872248577e-16 0.715625 1.5903399405594103e-16 0.7453125 0.02222222222222238 0.7453125
1 0.688888888888889 0.584375 0.6194444444444446 0.584375 0.6194444444444446 0.6234375 0.688888888888889 0.6234375