1 0.7430555555555556 0.21250000000000008 0.7 0.21250000000000008 0.7 0.2523437500000001 0.7430555555555556 0.2523437500000001
1 0.7805555555555556 0.2257812500000001 0.7305555555555555 0.2257812500000001 0.7305555555555555 0.25468750000000007 0.7805555555555556 0.25468750000000007
1 0.2611111111111112 0.19765625 0.20833333333333343 0.19765625 0.20833333333333343 0.22890625 0.2611111111111112 0.22890625
1 0.26944444444444454 0.24609375 0.2222222222222223 0.24609375 0.2222222222222223 0.275 0.26944444444444454 0.275
1 0.2708333333333334 0.2703125 0.2222222222222223 0.2703125 0.2222222222222223 0.3 0.2708333333333334 0.3
1 0.21388888888888896 0.2625 0.16527777777777783 0.2625 0.16527777777777783 0.2875 0.21388888888888896 0.2875
1 0.3638888888888889 0.2640625 0.3083333333333334 0.2640625 0.3083333333333334 0.2921875 0.3638888888888889 0.2921875
1 0.4111111111111111 0.25546875 0.35833333333333334 0.25546875 0.35833333333333334 0.28984375 0.4111111111111111 0.28984375
1 0.5388888888888889 0.31875 0.4736111111111111 0.31875 0.4736111111111111 0.3515625 0.5388888888888889 0.3515625
1 0.7041666666666668 0.6234375 0.6472222222222224 0.6234375 0.6472222222222224 0.6546875 0.7041666666666668 0.6546875
1 0.9194444444444444 0.59921875 0.8611111111111112 0.59921875 0.8611111111111112 0.62734375 0.9194444444444444 0.62734375
1 0.07638888888888899 0.4984375 0.03194444444444455 0.4984375 0.03194444444444456 0.528125 0.076388888888889 0.528125
1 0.033333333333333444 0.48359375 0.006944444444444551 0.48359375 0.006944444444444553 0.50703125 0.033333333333333444 0.50703125
1 0.06527777777777784 0.2734375 0.01111111111111117 0.2734375 0.011111111111111172 0.30390625 0.06527777777777784 0.30390625
1 0.8916666666666667 0.10625000000000004 0.8458333333333333 0.10625000000000004 0.8458333333333333 0.14062500000000006 0.8916666666666667 0.14062500000000006