1 0.20277777777777786 0.46875 0.14444444444444457 0.46875 0.14444444444444457 0.503125 0.20277777777777786 0.503125
1 0.3500000000000001 0.4296875 0.29166666666666674 0.4296875 0.29166666666666674 0.4703125 0.3500000000000001 0.4703125
1 0.2472222222222223 0.19375 0.17222222222222225 0.19375 0.17222222222222225 0.2359375 0.2472222222222223 0.2359375
1 0.6444444444444445 0.11250000000000004 0.575 0.11250000000000004 0.575 0.15468750000000003 0.6444444444444445 0.15468750000000003
1 0.4888888888888889 0.19062500000000004 0.43333333333333335 0.19062500000000004 0.43333333333333335 0.2296875 0.4888888888888889 0.2296875
1 0.5583333333333333 0.215625 0.49444444444444446 0.215625 0.49444444444444446 0.240625 0.5583333333333333 0.240625
1 0.7388888888888889 0.19687500000000005 0.6611111111111111 0.19687500000000005 0.6611111111111111 0.2468750000000001 0.7388888888888889 0.2468750000000001
1 0.7861111111111111 0.2875000000000001 0.7222222222222222 0.2875000000000001 0.7222222222222222 0.3218750000000001 0.7861111111111111 0.3218750000000001
1 0.9972222222222222 0.621875 0.925 0.621875 0.925 0.6703125 0.9972222222222222 0.6703125
1 0.9277777777777778 0.2390625000000001 0.8805555555555555 0.2390625000000001 0.8805555555555555 0.27812500000000007 0.9277777777777778 0.27812500000000007
1 0.5388888888888889 0.17968750000000006 0.4888888888888889 0.17968750000000006 0.4888888888888889 0.21484375 0.5388888888888889 0.21484375
1 0.24027777777777787 0.4046875 0.19027777777777785 0.4046875 0.19027777777777785 0.43984375 0.24027777777777787 0.43984375
1 0.06805555555555566 0.45 0.016666666666666767 0.45 0.016666666666666767 0.47890625 0.06805555555555566 0.47890625
1 0.0611111111111112 0.3765625 0.013888888888888973 0.3765625 0.013888888888888975 0.41015625 0.06111111111111121 0.41015625
1 1 0.18906250000000008 0.975 0.18906250000000008 0.975 0.2210937500000001 1 0.2210937500000001