1 0.6777777777777779 0.8578125 0.6222222222222223 0.8578125 0.6222222222222223 0.89609375 0.6777777777777779 0.89609375
1 0.7125000000000004 0.85625 0.6597222222222224 0.85625 0.6597222222222224 0.89296875 0.7125000000000004 0.89296875
1 0.7708333333333337 0.771875 0.7111111111111115 0.771875 0.7111111111111115 0.8203125 0.7708333333333337 0.8203125
1 0.7902777777777781 0.78203125 0.7555555555555559 0.78203125 0.7555555555555559 0.82734375 0.7902777777777781 0.82734375
1 0.6013888888888891 0.771875 0.5597222222222223 0.771875 0.5597222222222223 0.80859375 0.6013888888888891 0.80859375
1 0.5541666666666668 0.790625 0.501388888888889 0.790625 0.501388888888889 0.82109375 0.5541666666666668 0.82109375
1 0.602777777777778 0.8015625 0.5388888888888891 0.8015625 0.5388888888888891 0.83828125 0.602777777777778 0.83828125
1 0.3180555555555557 0.7734375 0.26527777777777795 0.7734375 0.26527777777777795 0.8109375 0.3180555555555557 0.8109375
1 0.4347222222222224 0.54375 0.38472222222222235 0.54375 0.38472222222222235 0.58046875 0.4347222222222224 0.58046875
1 0.2930555555555557 0.51953125 0.2472222222222223 0.51953125 0.24722222222222234 0.54765625 0.29305555555555574 0.54765625
1 0.18611111111111123 0.5390625 0.1250000000000001 0.5390625 0.1250000000000001 0.5703125 0.18611111111111128 0.5703125
1 0.16805555555555568 0.59921875 0.12361111111111123 0.59921875 0.12361111111111125 0.63515625 0.1680555555555557 0.63515625
1 0.31527777777777793 0.584375 0.26666666666666683 0.584375 0.26666666666666683 0.6171875 0.31527777777777793 0.6171875
1 0.8458333333333334 0.69921875 0.7944444444444444 0.69921875 0.7944444444444446 0.73359375 0.8458333333333337 0.73359375