1 0.2833333333333335 0.81875 0.2319444444444446 0.81875 0.2319444444444446 0.85859375 0.2833333333333335 0.85859375
1 0.3819444444444446 0.746875 0.32916666666666683 0.746875 0.32916666666666683 0.78984375 0.3819444444444446 0.78984375
1 0.42361111111111127 0.75390625 0.3722222222222224 0.75390625 0.3722222222222224 0.7921875 0.42361111111111127 0.7921875
1 0.540277777777778 0.6890625 0.48750000000000016 0.6890625 0.48750000000000016 0.71875 0.540277777777778 0.71875
1 0.7583333333333336 0.79453125 0.7125000000000004 0.79453125 0.7125000000000004 0.8234375 0.7583333333333336 0.8234375
1 0.8000000000000003 0.7828125 0.7569444444444448 0.7828125 0.7569444444444448 0.81484375 0.8000000000000003 0.81484375
1 0.8555555555555558 0.8390625 0.8250000000000003 0.8390625 0.8250000000000003 0.86171875 0.8555555555555558 0.86171875
1 0.7930555555555558 0.746875 0.7472222222222226 0.746875 0.7472222222222226 0.7734375 0.7930555555555558 0.7734375
1 0.2680555555555557 0.7640625 0.21805555555555572 0.7640625 0.21805555555555572 0.8 0.2680555555555557 0.8
1 0.22500000000000014 0.75234375 0.16666666666666682 0.75234375 0.16666666666666682 0.78515625 0.22500000000000014 0.78515625
1 0.2763888888888891 0.74609375 0.22500000000000014 0.74609375 0.22500000000000014 0.77578125 0.2763888888888891 0.77578125
1 0.0333333333333335 0.734375 1.5988444322201555e-16 0.734375 1.6507218313507032e-16 0.78203125 0.0333333333333335 0.78203125
1 0.05972222222222233 0.49375 1.0749677459182324e-16 0.49375 1.1200415517201836e-16 0.53515625 0.05972222222222234 0.53515625
1 0.7236111111111111 0.3671875000000001 0.6638888888888891 0.3671875000000001 0.6638888888888891 0.41015625 0.7236111111111111 0.41015625
1 0.9694444444444444 0.3984375000000001 0.9138888888888889 0.3984375000000001 0.9138888888888889 0.43671875 0.9694444444444444 0.43671875
1 0.9722222222222222 0.43359375 0.9125 0.43359375 0.9125 0.4703125 0.9722222222222222 0.4703125