1 0.9916666666666667 0.60078125 0.9375 0.60078125 0.9375 0.62265625 0.9916666666666667 0.62265625
1 0.9805555555555555 0.6203125 0.9194444444444444 0.6203125 0.9194444444444444 0.6484375 0.9805555555555555 0.6484375
1 1 0.3187500000000001 0.9722222222222222 0.3187500000000001 0.9722222222222222 0.3492187500000001 1 0.3492187500000001
1 0.9 0.3312500000000001 0.8527777777777777 0.3312500000000001 0.8527777777777777 0.3617187500000001 0.9 0.3617187500000001
1 0.9430555555555555 0.3312500000000001 0.8916666666666667 0.3312500000000001 0.8916666666666667 0.3554687500000001 0.9430555555555555 0.3554687500000001
1 0.9291666666666667 0.3734375000000001 0.8583333333333333 0.3734375000000001 0.8583333333333333 0.40390625 0.9291666666666667 0.40390625
1 0.9361111111111111 0.40390625 0.8638888888888889 0.40390625 0.8638888888888889 0.43359375 0.9361111111111111 0.43359375
1 0.9263888888888889 0.2945312500000001 0.8652777777777778 0.2945312500000001 0.8652777777777778 0.3281250000000001 0.9263888888888889 0.3281250000000001
1 0.9013888888888889 0.22031250000000008 0.8277777777777777 0.22031250000000008 0.8277777777777777 0.2539062500000001 0.9013888888888889 0.2539062500000001
1 0.49444444444444446 0.225 0.4388888888888889 0.225 0.4388888888888889 0.26015625 0.49444444444444446 0.26015625
1 0.26805555555555566 0.2203125 0.21666666666666676 0.2203125 0.21666666666666676 0.23984375 0.26805555555555566 0.23984375
1 0.2694444444444446 0.553125 0.2069444444444446 0.553125 0.2069444444444446 0.584375 0.2694444444444446 0.584375
1 0.33472222222222237 0.6671875 0.26388888888888906 0.6671875 0.26388888888888906 0.696875 0.33472222222222237 0.696875
1 0.8138888888888889 0.475 0.7694444444444445 0.475 0.7694444444444445 0.50234375 0.8138888888888889 0.50234375