1 0.5055555555555555 0.3 0.4444444444444444 0.3 0.4444444444444444 0.3328125 0.5055555555555555 0.3328125
1 0.44722222222222235 0.3828125 0.37500000000000017 0.3828125 0.37500000000000017 0.415625 0.44722222222222235 0.415625
1 0.03055555555555563 0.315625 6.87162926188237e-17 0.315625 7.330871811562628e-17 0.3578125 0.030555555555555634 0.3578125
1 0.01944444444444455 0.4625 1.0069318126322682e-16 0.4625 1.0409497792752501e-16 0.49375 0.019444444444444552 0.49375
1 0.038888888888889 0.496875 1.0817713392468287e-16 0.496875 1.120892000886258e-16 0.5328125 0.03888888888888901 0.5328125
1 0.05000000000000014 0.590625 1.2858791391047207e-16 0.590625 1.3335042924048956e-16 0.634375 0.05000000000000014 0.634375
1 0.1833333333333335 0.625 0.12222222222222234 0.625 0.12222222222222236 0.6609375 0.1833333333333335 0.6609375
1 0.8027777777777781 0.7390625 0.716666666666667 0.7390625 0.716666666666667 0.7796875 0.8027777777777781 0.7796875
1 0.10555555555555571 0.7140625 0.03611111111111127 0.7140625 0.03611111111111127 0.740625 0.10555555555555571 0.740625
1 0.39305555555555555 0.32578125 0.33055555555555566 0.32578125 0.33055555555555566 0.35390625 0.39305555555555555 0.35390625
1 0.4625 0.228125 0.4111111111111111 0.228125 0.4111111111111111 0.25703125 0.4625 0.25703125
1 0.34027777777777785 0.2265625 0.2805555555555556 0.2265625 0.2805555555555556 0.253125 0.34027777777777785 0.253125