1 0.3208333333333334 0.38046875 0.2597222222222223 0.38046875 0.2597222222222223 0.4171875 0.3208333333333334 0.4171875
1 0.4013888888888891 0.365625 0.35277777777777786 0.365625 0.35277777777777786 0.40234375 0.4013888888888891 0.40234375
1 0.6333333333333333 0.32578125 0.5847222222222223 0.32578125 0.5847222222222223 0.35703125 0.6333333333333333 0.35703125
1 0.3083333333333334 0.44765625 0.25416666666666676 0.44765625 0.25416666666666676 0.48515625 0.3083333333333334 0.48515625
1 0.14166666666666675 0.41796875 0.10138888888888897 0.41796875 0.10138888888888897 0.4390625 0.14166666666666675 0.4390625
1 0.1847222222222223 0.41796875 0.14444444444444451 0.41796875 0.14444444444444451 0.446875 0.1847222222222223 0.446875
1 0.17083333333333342 0.4296875 0.11944444444444452 0.4296875 0.11944444444444455 0.4578125 0.17083333333333345 0.4578125
1 0.06111111111111123 0.55078125 0.02500000000000012 0.55078125 0.025000000000000123 0.57890625 0.06111111111111123 0.57890625
1 0.14444444444444457 0.62734375 0.10555555555555568 0.62734375 0.1055555555555557 0.65546875 0.1444444444444446 0.65546875
1 0.22500000000000014 0.7 0.1958333333333335 0.7 0.1958333333333335 0.72890625 0.22500000000000014 0.72890625
1 0.7861111111111111 0.19140625000000006 0.7486111111111111 0.19140625000000006 0.7486111111111111 0.21875000000000008 0.7861111111111111 0.21875000000000008