1 0.25000000000000006 0.37421875 0.20694444444444451 0.37421875 0.20694444444444451 0.4015625 0.25000000000000006 0.4015625
1 0.30277777777777787 0.37421875 0.25000000000000006 0.37421875 0.25000000000000006 0.4078125 0.30277777777777787 0.4078125
1 0.27916666666666673 0.39375 0.21666666666666676 0.39375 0.21666666666666676 0.41953125 0.27916666666666673 0.41953125
1 0.4027777777777778 0.29296875 0.35416666666666674 0.29296875 0.35416666666666674 0.3265625 0.4027777777777778 0.3265625
1 0.47638888888888886 0.31484375 0.425 0.31484375 0.425 0.3484375 0.47638888888888886 0.3484375
1 0.6277777777777779 0.34140625 0.5763888888888888 0.34140625 0.576388888888889 0.378125 0.627777777777778 0.378125
1 0.6861111111111111 0.33046875000000003 0.6388888888888888 0.33046875 0.6388888888888888 0.36171875000000003 0.6861111111111111 0.3617187500000001
1 0.4958333333333335 0.409375 0.43750000000000017 0.409375 0.43750000000000017 0.44609375 0.4958333333333335 0.44609375
1 0.4916666666666668 0.46328125 0.43888888888888905 0.46328125 0.43888888888888905 0.49140625 0.4916666666666668 0.49140625
1 0.18194444444444452 0.5140625 0.14583333333333345 0.5140625 0.14583333333333345 0.54140625 0.18194444444444452 0.54140625
1 0.22638888888888906 0.67421875 0.19444444444444461 0.67421875 0.19444444444444461 0.7015625 0.22638888888888906 0.7015625
1 0.6722222222222224 0.41640625 0.6236111111111112 0.41640625 0.6236111111111112 0.44765625 0.6722222222222224 0.44765625
1 0.7333333333333333 0.3906250000000001 0.6833333333333335 0.3906250000000001 0.6833333333333335 0.42578125 0.7333333333333333 0.42578125
1 0.9097222222222222 0.3007812500000001 0.8569444444444444 0.3007812500000001 0.8569444444444444 0.3312500000000001 0.9097222222222222 0.3312500000000001