1 0.725 0.57265625 0.676388888888889 0.57265625 0.676388888888889 0.609375 0.725 0.609375
1 0.7402777777777778 0.56015625 0.6958333333333335 0.56015625 0.6958333333333335 0.59375 0.7402777777777778 0.59375
1 0.8277777777777777 0.54921875 0.775 0.54921875 0.775 0.58203125 0.8277777777777777 0.58203125
1 0.8680555555555556 0.57265625 0.8152777777777778 0.57265625 0.8152777777777778 0.60078125 0.8680555555555556 0.60078125
1 0.37777777777777793 0.66640625 0.32638888888888906 0.66640625 0.32638888888888906 0.7015625 0.37777777777777793 0.7015625
1 0.17638888888888904 0.61796875 0.08472222222222237 0.61796875 0.08472222222222237 0.66875 0.17638888888888904 0.66875
1 0.09444444444444458 0.596875 0.02500000000000013 0.596875 0.025000000000000133 0.6421875 0.09444444444444461 0.6421875
1 0.04861111111111123 0.53203125 1.1583117641935383e-16 0.53203125 1.2178432058187568e-16 0.58671875 0.04861111111111123 0.58671875
1 0.056944444444444554 0.46875 0.004166666666666769 0.46875 0.004166666666666774 0.51640625 0.05694444444444456 0.51640625
1 0.17638888888888896 0.29375 0.11527777777777785 0.29375 0.11527777777777785 0.3390625 0.17638888888888896 0.3390625
1 0.7472222222222222 0.3070312500000001 0.7069444444444445 0.3070312500000001 0.7069444444444445 0.3382812500000001 0.7472222222222222 0.3382812500000001
1 0.6083333333333333 0.28671875 0.5694444444444444 0.28671875 0.5694444444444444 0.315625 0.6083333333333333 0.315625
1 0.7986111111111112 0.3695312500000001 0.7611111111111111 0.3695312500000001 0.7611111111111111 0.3937500000000001 0.7986111111111112 0.3937500000000001