1 0.8833333333333333 0.4078125 0.8 0.4078125 0.8 0.4578125 0.8833333333333333 0.4578125
1 0.9 0.2921875000000001 0.8222222222222222 0.2921875000000001 0.8222222222222222 0.3390625000000001 0.9 0.3390625000000001
1 0.4805555555555556 0.35 0.41944444444444445 0.35 0.4194444444444445 0.390625 0.48055555555555574 0.390625
1 0.5236111111111112 0.36328125 0.4833333333333335 0.36328125 0.4833333333333335 0.39453125 0.5236111111111112 0.39453125
1 0.4847222222222224 0.38203125 0.4291666666666668 0.38203125 0.4291666666666668 0.40625 0.4847222222222224 0.40625
1 0.4777777777777778 0.32421875 0.41944444444444445 0.32421875 0.41944444444444445 0.36015625 0.4777777777777778 0.36015625
1 0.39305555555555555 0.13281250000000006 0.35 0.13281250000000006 0.35 0.16640625000000003 0.39305555555555555 0.16640625000000003
1 0.4888888888888889 0.11640625000000004 0.44583333333333336 0.11640625000000004 0.44583333333333336 0.15156250000000004 0.4888888888888889 0.15156250000000004
1 0.1069444444444446 0.63515625 0.07083333333333347 0.63515625 0.07083333333333347 0.665625 0.1069444444444446 0.665625
1 0.16527777777777794 0.72890625 0.11388888888888905 0.72890625 0.11388888888888905 0.76328125 0.16527777777777794 0.76328125
1 0.47500000000000014 0.53046875 0.41805555555555574 0.53046875 0.41805555555555574 0.56640625 0.47500000000000014 0.56640625
1 1 0.65078125 0.9555555555555556 0.65078125 0.9555555555555556 0.6859375 1 0.6859375
1 0.8333333333333334 0.4640625 0.7555555555555555 0.4640625 0.7555555555555555 0.5203125 0.8333333333333334 0.5203125
1 0.14166666666666677 0.4734375 0.10833333333333345 0.4734375 0.10833333333333345 0.50625 0.14166666666666677 0.50625
1 0.6666666666666666 0.25625000000000003 0.5972222222222222 0.25625 0.5972222222222222 0.2828125 0.6666666666666666 0.2828125000000001