1 0.38472222222222235 0.5984375 0.35555555555555574 0.5984375 0.35555555555555574 0.61875 0.38472222222222235 0.61875
1 0.4319444444444446 0.609375 0.41111111111111126 0.609375 0.41111111111111126 0.63046875 0.4319444444444446 0.63046875
1 0.46527777777777796 0.6125 0.4361111111111113 0.6125 0.4361111111111113 0.6265625 0.46527777777777796 0.6265625
1 0.4986111111111113 0.6 0.4708333333333335 0.6 0.4708333333333335 0.6140625 0.4986111111111113 0.6140625
1 0.5333333333333334 0.5984375 0.5111111111111113 0.5984375 0.5111111111111113 0.61796875 0.5333333333333334 0.61796875
1 0.540277777777778 0.553125 0.5138888888888891 0.553125 0.5138888888888891 0.5703125 0.540277777777778 0.5703125
1 0.5111111111111113 0.54140625 0.4833333333333335 0.54140625 0.4833333333333335 0.5578125 0.5111111111111113 0.5578125
1 0.6347222222222224 0.50078125 0.6152777777777779 0.50078125 0.6152777777777779 0.51484375 0.6347222222222224 0.51484375
1 0.11805555555555564 0.35703125 0.0861111111111112 0.35703125 0.0861111111111112 0.37578125 0.11805555555555564 0.37578125
1 0.17777777777777787 0.46640625 0.15138888888888902 0.46640625 0.15138888888888902 0.48515625 0.17777777777777787 0.48515625
1 0.16527777777777783 0.2640625 0.13333333333333336 0.2640625 0.1333333333333334 0.28125 0.16527777777777786 0.28125
1 0.6805555555555557 0.540625 0.6625000000000002 0.540625 0.6625000000000002 0.55078125 0.6805555555555557 0.55078125