1 0.32500000000000007 0.48046875 0.2458333333333334 0.48046875 0.2458333333333334 0.51015625 0.32500000000000007 0.51015625
1 0.34166666666666673 0.49453125 0.2708333333333334 0.49453125 0.2708333333333334 0.52578125 0.34166666666666673 0.52578125
1 0.3652777777777779 0.54921875 0.29305555555555574 0.54921875 0.29305555555555574 0.58125 0.3652777777777779 0.58125
1 0.31250000000000017 0.596875 0.25972222222222235 0.596875 0.25972222222222235 0.62109375 0.31250000000000017 0.62109375
1 0.31527777777777793 0.62109375 0.26527777777777795 0.62109375 0.26527777777777795 0.6453125 0.31527777777777793 0.6453125
1 0.2902777777777779 0.63125 0.22638888888888906 0.63125 0.22638888888888906 0.653125 0.2902777777777779 0.653125
1 0.3111111111111113 0.56484375 0.26527777777777795 0.56484375 0.26527777777777795 0.59453125 0.3111111111111113 0.59453125
1 0.825 0.54375 0.7597222222222222 0.54375 0.7597222222222222 0.57109375 0.825 0.57109375
1 0.7083333333333335 0.6125 0.6555555555555557 0.6125 0.6555555555555557 0.6359375 0.7083333333333335 0.6359375
1 0.8527777777777777 0.45 0.7944444444444444 0.45 0.7944444444444444 0.48125 0.8527777777777777 0.48125
1 0.8319444444444447 0.75234375 0.7708333333333337 0.75234375 0.7708333333333337 0.778125 0.8319444444444447 0.778125
1 0.1402777777777778 0.21875 0.06944444444444449 0.21875 0.06944444444444449 0.23359375 0.1402777777777778 0.23359375