1 0.126388888888889 0.45859375 0.10000000000000012 0.45859375 0.10000000000000012 0.47109375 0.126388888888889 0.47109375
1 0.2944444444444445 0.484375 0.26527777777777783 0.484375 0.26527777777777783 0.5 0.2944444444444445 0.5
1 0.24861111111111128 0.5921875 0.21250000000000016 0.5921875 0.21250000000000016 0.61015625 0.24861111111111128 0.61015625
1 0.6875000000000001 0.73984375 0.6458333333333335 0.73984375 0.6458333333333335 0.75859375 0.6875000000000001 0.75859375
1 0.7458333333333333 0.70859375 0.7166666666666667 0.70859375 0.7166666666666667 0.72265625 0.7458333333333333 0.72265625
1 0.8013888888888889 0.696875 0.7722222222222223 0.696875 0.7722222222222223 0.7140625 0.8013888888888889 0.7140625
1 0.7416666666666667 0.3117187500000001 0.7125 0.3117187500000001 0.7125 0.3257812500000001 0.7416666666666667 0.3257812500000001
1 0.7416666666666667 0.2914062500000001 0.7125 0.2914062500000001 0.7125 0.30546875000000007 0.7416666666666667 0.30546875000000007
1 0.7333333333333333 0.2570312500000001 0.7 0.2570312500000001 0.7 0.27031250000000007 0.7333333333333333 0.27031250000000007
1 0.7236111111111111 0.2789062500000001 0.6916666666666667 0.2789062500000001 0.6916666666666667 0.29375000000000007 0.7236111111111111 0.29375000000000007
1 0.47361111111111126 0.4515625 0.44583333333333347 0.4515625 0.44583333333333347 0.4671875 0.47361111111111126 0.4671875
1 0.7291666666666666 0.34453125000000007 0.6916666666666667 0.34453125000000007 0.6916666666666667 0.36015625000000007 0.7291666666666666 0.36015625000000007