1 0.7236111111111111 0.3421875000000001 0.6638888888888889 0.3421875000000001 0.663888888888889 0.3898437500000001 0.7236111111111111 0.3898437500000001
1 0.7680555555555556 0.3515625000000001 0.7138888888888889 0.3515625000000001 0.7138888888888889 0.3968750000000001 0.7680555555555556 0.3968750000000001
1 0.7111111111111111 0.36875 0.6444444444444446 0.36875 0.6444444444444446 0.409375 0.7111111111111111 0.409375
1 0.675 0.31093750000000003 0.6 0.3109375 0.6 0.35703125 0.675 0.3570312500000001
1 0.525 0.07656250000000003 0.4652777777777778 0.07656250000000002 0.4652777777777778 0.11875000000000005 0.525 0.11875000000000005
1 0.37916666666666665 0.09375000000000003 0.33194444444444443 0.09375000000000003 0.33194444444444443 0.12968750000000004 0.37916666666666665 0.12968750000000004
1 0.22361111111111118 0.49140625 0.17916666666666675 0.49140625 0.17916666666666675 0.52578125 0.22361111111111118 0.52578125
1 0.2361111111111112 0.4703125 0.1861111111111112 0.4703125 0.1861111111111112 0.51015625 0.2361111111111112 0.51015625
1 0.2069444444444446 0.68125 0.15000000000000016 0.68125 0.15000000000000016 0.7140625 0.2069444444444446 0.7140625
1 0.21250000000000016 0.6671875 0.16527777777777794 0.6671875 0.16527777777777794 0.6984375 0.21250000000000016 0.6984375
1 0.35277777777777786 0.37578125 0.3083333333333334 0.37578125 0.3083333333333334 0.40390625 0.35277777777777786 0.40390625