1 0.5125000000000002 0.609375 0.4833333333333335 0.609375 0.4833333333333335 0.6296875 0.5125000000000002 0.6296875
1 0.5375000000000002 0.609375 0.5125000000000002 0.609375 0.5125000000000002 0.6265625 0.5375000000000002 0.6265625
1 0.45277777777777795 0.5984375 0.42638888888888904 0.5984375 0.42638888888888904 0.61640625 0.45277777777777795 0.61640625
1 0.6069444444444446 0.59921875 0.5791666666666668 0.59921875 0.5791666666666668 0.61484375 0.6069444444444446 0.61484375
1 0.565277777777778 0.59609375 0.540277777777778 0.59609375 0.540277777777778 0.61328125 0.565277777777778 0.61328125
1 0.6125000000000002 0.55 0.5861111111111112 0.55 0.5861111111111112 0.5671875 0.6125000000000002 0.5671875
1 0.5819444444444446 0.5390625 0.5569444444444446 0.5390625 0.5569444444444446 0.55390625 0.5819444444444446 0.55390625
1 0.7055555555555557 0.49921875 0.6819444444444446 0.49921875 0.6819444444444446 0.51328125 0.7055555555555557 0.51328125
1 0.7444444444444445 0.54140625 0.7333333333333333 0.54140625 0.7333333333333333 0.55078125 0.7444444444444445 0.55078125
1 0.7347222222222223 0.53984375 0.7263888888888889 0.53984375 0.7263888888888889 0.54765625 0.7347222222222223 0.54765625
1 0.2597222222222223 0.46484375 0.22777777777777786 0.46484375 0.22777777777777786 0.4859375 0.2597222222222223 0.4859375
1 0.19305555555555565 0.359375 0.1625000000000001 0.359375 0.1625000000000001 0.3796875 0.19305555555555565 0.3796875
1 0.2347222222222223 0.2640625 0.20694444444444451 0.2640625 0.20694444444444451 0.28359375 0.2347222222222223 0.28359375