1 0.41111111111111126 0.41640625 0.34027777777777785 0.41640625 0.34027777777777785 0.46796875 0.41111111111111126 0.46796875
1 0.3958333333333335 0.47421875 0.3361111111111112 0.47421875 0.3361111111111112 0.51640625 0.3958333333333335 0.51640625
1 0.04027777777777791 0.60234375 1.3113926140869575e-16 0.60234375 1.338606987401343e-16 0.62734375 0.04027777777777792 0.62734375
1 0.06388888888888902 0.56875 0.01666666666666679 0.56875 0.01666666666666679 0.59453125 0.06388888888888902 0.59453125
1 0.17083333333333348 0.62734375 0.13750000000000012 0.62734375 0.13750000000000015 0.65078125 0.1708333333333335 0.65078125
1 0.33333333333333337 0.15390625000000002 0.26666666666666666 0.15390625 0.2666666666666667 0.20078125 0.3333333333333334 0.20078125
1 0.38055555555555554 0.05234375000000002 0.3236111111111111 0.05234375000000002 0.3236111111111111 0.09453125000000002 0.38055555555555554 0.09453125000000002
1 0.056944444444444506 0.23984375 0.006944444444444496 0.23984375 0.006944444444444501 0.28046875 0.056944444444444506 0.28046875
1 0.4097222222222222 0.18593750000000003 0.3763888888888889 0.18593750000000003 0.3763888888888889 0.215625 0.4097222222222222 0.215625
1 0.7722222222222223 0.16093750000000004 0.7375 0.16093750000000004 0.7375 0.19296875000000005 0.7722222222222223 0.19296875000000005
1 0.9805555555555555 0.05703125000000007 0.9375 0.05703125000000007 0.9375 0.09531250000000006 0.9805555555555555 0.09531250000000006
1 0.6583333333333334 0.77890625 0.588888888888889 0.77890625 0.588888888888889 0.8359375 0.6583333333333334 0.8359375