1 0.2833333333333335 0.7546875 0.24722222222222237 0.7546875 0.24722222222222237 0.76875 0.2833333333333335 0.76875
1 0.22638888888888906 0.740625 0.1930555555555557 0.740625 0.1930555555555557 0.7609375 0.22638888888888906 0.7609375
1 0.7875 0.63203125 0.7527777777777778 0.63203125 0.7527777777777778 0.65234375 0.7875 0.65234375
1 0.7375 0.528125 0.7000000000000002 0.528125 0.7000000000000002 0.5453125 0.7375 0.5453125
1 0.9041666666666667 0.5015625 0.8722222222222222 0.5015625 0.8722222222222222 0.51640625 0.9041666666666667 0.51640625
1 0.5527777777777779 0.49609375 0.5208333333333335 0.49609375 0.5208333333333335 0.5109375 0.5527777777777779 0.5109375
1 0.288888888888889 0.3546875 0.25694444444444453 0.3546875 0.25694444444444453 0.36796875 0.288888888888889 0.36796875
1 0.28333333333333344 0.33984375 0.2611111111111112 0.33984375 0.2611111111111112 0.353125 0.28333333333333344 0.353125
1 0.3097222222222223 0.325 0.2805555555555556 0.325 0.2805555555555556 0.33984375 0.3097222222222223 0.33984375
1 0.3069444444444445 0.29921875 0.27638888888888896 0.29921875 0.27638888888888896 0.31640625 0.3069444444444445 0.31640625
1 0.4861111111111111 0.2453125 0.46111111111111114 0.2453125 0.46111111111111114 0.2546875 0.4861111111111111 0.2546875
1 0.31250000000000006 0.38671875 0.2805555555555556 0.38671875 0.2805555555555556 0.4 0.31250000000000006 0.4