1 0.1541666666666667 0.1859375 0.09861111111111115 0.1859375 0.09861111111111115 0.22734375 0.1541666666666667 0.22734375
1 0.1333333333333334 0.253125 0.08472222222222228 0.253125 0.08472222222222228 0.28828125 0.13333333333333341 0.28828125
1 0.1861111111111112 0.23828125 0.13750000000000004 0.23828125 0.13750000000000004 0.26953125 0.1861111111111112 0.26953125
1 0.18888888888888897 0.26015625 0.13194444444444448 0.26015625 0.1319444444444445 0.2984375 0.18888888888888897 0.2984375
1 0.2458333333333334 0.2546875 0.20138888888888898 0.2546875 0.20138888888888898 0.28671875 0.2458333333333334 0.28671875
1 0.31250000000000006 0.25234375 0.26944444444444454 0.25234375 0.26944444444444454 0.28125 0.31250000000000006 0.28125
1 0.6736111111111112 0.20937500000000003 0.6319444444444444 0.209375 0.6319444444444444 0.24140625000000004 0.6736111111111112 0.2414062500000001
1 0.7083333333333334 0.22656250000000008 0.675 0.22656250000000008 0.675 0.2531250000000001 0.7083333333333334 0.2531250000000001
1 0.4583333333333333 0.3125 0.4083333333333333 0.3125 0.4083333333333333 0.34765625 0.4583333333333333 0.34765625
1 0.5847222222222224 0.62265625 0.5277777777777779 0.62265625 0.5277777777777779 0.65625 0.5847222222222224 0.65625
1 0.7763888888888889 0.590625 0.7055555555555557 0.590625 0.7055555555555557 0.63359375 0.7763888888888889 0.63359375
1 0.029166666666666775 0.48671875 1.0596596609288904e-16 0.48671875 1.0953785259040215e-16 0.51953125 0.029166666666666775 0.51953125