1 0.04861111111111125 0.621875 0.02361111111111125 0.621875 0.02361111111111125 0.6421875 0.04861111111111125 0.6421875
1 0.07361111111111125 0.65390625 0.03750000000000014 0.65390625 0.037500000000000144 0.67265625 0.07361111111111125 0.67265625
1 0.26527777777777783 0.3390625 0.22916666666666674 0.3390625 0.22916666666666674 0.35859375 0.26527777777777783 0.35859375
1 0.45138888888888906 0.3671875 0.4194444444444446 0.3671875 0.4194444444444446 0.38828125 0.45138888888888906 0.38828125
1 0.4986111111111111 0.27265625 0.4708333333333333 0.27265625 0.4708333333333333 0.290625 0.4986111111111111 0.290625
1 0.5069444444444446 0.4703125 0.48055555555555574 0.4703125 0.48055555555555574 0.48828125 0.5069444444444446 0.48828125
1 0.7583333333333333 0.61875 0.7347222222222223 0.61875 0.7347222222222223 0.63671875 0.7583333333333333 0.63671875
1 0.7861111111111111 0.621875 0.7611111111111111 0.621875 0.7611111111111111 0.634375 0.7861111111111111 0.634375
1 0.8111111111111111 0.60703125 0.7847222222222222 0.60703125 0.7847222222222222 0.6234375 0.8111111111111111 0.6234375
1 0.8583333333333333 0.60859375 0.8263888888888888 0.60859375 0.8263888888888888 0.62578125 0.8583333333333333 0.62578125
1 0.9527777777777777 0.50859375 0.9361111111111111 0.50859375 0.9361111111111111 0.52265625 0.9527777777777777 0.52265625
1 0.7013888888888891 0.60546875 0.6777777777777779 0.60546875 0.6777777777777779 0.6234375 0.7013888888888891 0.6234375