1 0.3208333333333334 0.38046875 0.2597222222222223 0.38046875 0.2597222222222223 0.4171875 0.3208333333333334 0.4171875
1 0.40277777777777796 0.36640625 0.35277777777777786 0.36640625 0.35277777777777786 0.403125 0.40277777777777796 0.403125
1 0.6347222222222222 0.32578125 0.5847222222222223 0.32578125 0.5847222222222223 0.35703125 0.6347222222222222 0.35703125
1 0.3083333333333334 0.4484375 0.25555555555555565 0.4484375 0.25555555555555565 0.4859375 0.3083333333333334 0.4859375
1 0.14166666666666675 0.41796875 0.10138888888888897 0.41796875 0.10138888888888897 0.4390625 0.14166666666666675 0.4390625
1 0.1847222222222223 0.41796875 0.14444444444444451 0.41796875 0.14444444444444451 0.446875 0.1847222222222223 0.446875
1 0.17083333333333342 0.4296875 0.11944444444444452 0.4296875 0.11944444444444455 0.4578125 0.17083333333333345 0.4578125
1 0.06111111111111123 0.55078125 0.02500000000000012 0.55078125 0.025000000000000123 0.57890625 0.06111111111111123 0.57890625
1 0.14444444444444457 0.628125 0.10555555555555568 0.628125 0.1055555555555557 0.65546875 0.1444444444444446 0.65546875
1 0.22638888888888906 0.70078125 0.1958333333333335 0.70078125 0.1958333333333335 0.72890625 0.22638888888888906 0.72890625
1 0.7861111111111111 0.19140625000000006 0.75 0.19140625000000006 0.75 0.21875000000000008 0.7861111111111111 0.21875000000000008