1 0.3069444444444445 0.4546875 0.26944444444444454 0.4546875 0.26944444444444454 0.484375 0.3069444444444445 0.484375
1 0.3097222222222223 0.4375 0.2583333333333334 0.4375 0.2583333333333334 0.46796875 0.3097222222222223 0.46796875
1 0.3069444444444446 0.640625 0.25277777777777793 0.640625 0.25277777777777793 0.6765625 0.3069444444444446 0.6765625
1 0.8333333333333334 0.3281250000000001 0.7722222222222223 0.3281250000000001 0.7722222222222223 0.3695312500000001 0.8333333333333334 0.3695312500000001
1 0.8472222222222222 0.3000000000000001 0.7847222222222222 0.3000000000000001 0.7847222222222222 0.3382812500000001 0.8472222222222222 0.3382812500000001
1 0.8805555555555555 0.3062500000000001 0.8319444444444445 0.3062500000000001 0.8319444444444445 0.3460937500000001 0.8805555555555555 0.3460937500000001
1 0.7763888888888889 0.2656250000000001 0.7152777777777778 0.2656250000000001 0.7152777777777778 0.3062500000000001 0.7763888888888889 0.3062500000000001
1 0.7097222222222223 0.22031250000000008 0.6555555555555556 0.22031250000000008 0.6555555555555556 0.2523437500000001 0.7097222222222223 0.2523437500000001
1 0.5625 0.028906250000000033 0.5166666666666667 0.028906250000000033 0.5166666666666667 0.06406250000000005 0.5625 0.06406250000000005
1 0.4097222222222222 0.039843750000000025 0.3541666666666667 0.039843750000000025 0.3541666666666667 0.07109375000000002 0.4097222222222222 0.07109375000000002
1 0.9708333333333333 0.21250000000000008 0.9166666666666666 0.21250000000000008 0.9166666666666666 0.2445312500000001 0.9708333333333333 0.2445312500000001