1 0.23750000000000016 0.63984375 0.20416666666666683 0.63984375 0.20416666666666683 0.6625 0.23750000000000016 0.6625
1 0.21527777777777793 0.6109375 0.18472222222222237 0.6109375 0.18472222222222237 0.63125 0.21527777777777793 0.63125
1 0.15138888888888902 0.57578125 0.1291666666666668 0.57578125 0.1291666666666668 0.58984375 0.15138888888888902 0.58984375
1 0.09722222222222233 0.5625 0.06944444444444456 0.5625 0.06944444444444456 0.58046875 0.09722222222222233 0.58046875
1 0.6625000000000002 0.4609375 0.6375000000000002 0.4609375 0.6375000000000002 0.47890625 0.6625000000000002 0.47890625
1 0.9194444444444444 0.60546875 0.8972222222222223 0.60546875 0.8972222222222223 0.62734375 0.9194444444444444 0.62734375
1 0.9527777777777777 0.60625 0.925 0.60625 0.925 0.625 0.9527777777777777 0.625
1 0.9694444444444444 0.59609375 0.95 0.59609375 0.95 0.609375 0.9694444444444444 0.609375
1 0.9972222222222222 0.53125 0.9777777777777777 0.53125 0.9777777777777777 0.54765625 0.9972222222222222 0.54765625
1 0.65 0.26171875000000006 0.6194444444444445 0.26171875 0.6194444444444445 0.27656250000000004 0.65 0.2765625000000001
1 0.6000000000000001 0.3546875 0.575 0.3546875 0.5750000000000001 0.37265625 0.6000000000000002 0.37265625
1 0.41805555555555557 0.33046875 0.3763888888888889 0.33046875 0.3763888888888889 0.35078125 0.41805555555555557 0.35078125