1 0.77578125 0.5361111111111113 0.7328125 0.5361111111111113 0.7328125 0.588888888888889 0.77578125 0.588888888888889
1 0.775 0.5861111111111112 0.734375 0.5861111111111112 0.734375 0.6388888888888891 0.775 0.6388888888888891
1 0.75390625 0.7194444444444448 0.72890625 0.7194444444444448 0.72890625 0.7486111111111114 0.75390625 0.7486111111111114
1 0.7453125 0.7486111111111112 0.7171875 0.7486111111111111 0.7171875 0.7805555555555557 0.7453125 0.7805555555555559
1 0.6734375 0.5138888888888891 0.62734375 0.5138888888888891 0.62734375 0.5680555555555558 0.6734375 0.5680555555555558
1 0.73125 0.45416666666666683 0.6921875 0.45416666666666683 0.6921875 0.5069444444444446 0.73125 0.5069444444444446
1 0.78125 0.2902777777777779 0.7640625 0.2902777777777779 0.7640625 0.3444444444444446 0.78125 0.3444444444444446
1 0.77265625 0.32777777777777795 0.7359375 0.32777777777777795 0.7359375 0.3791666666666668 0.77265625 0.3791666666666668
1 0.4953125 1.0349966351127285e-16 0.45546875 9.916237276429263e-17 0.45546875 0.013888888888888992 0.4953125 0.013888888888888997
1 0.2992187500000001 0.7722222222222223 0.2609375000000001 0.7722222222222223 0.2609375000000001 0.8319444444444445 0.2992187500000001 0.8319444444444445
1 0.33203125 0.3291666666666667 0.2828125 0.3291666666666667 0.2828125 0.39444444444444443 0.33203125 0.39444444444444443