1 0.54921875 0.009722222222222339 0.5203125 0.009722222222222335 0.5203125 0.08611111111111124 0.54921875 0.08611111111111124
1 0.578125 0.011111111111111235 0.5484375 0.01111111111111123 0.5484375 0.08333333333333345 0.578125 0.08333333333333345
1 0.63984375 0.05000000000000014 0.6234375 0.05000000000000014 0.6234375 0.09444444444444458 0.63984375 0.09444444444444461
1 0.6578125 0.06388888888888902 0.63984375 0.06388888888888902 0.63984375 0.11388888888888905 0.6578125 0.11388888888888905
1 0.53828125 0.19305555555555565 0.5078125 0.19305555555555565 0.5078125 0.2736111111111112 0.53828125 0.2736111111111112
1 0.503125 0.088888888888889 0.47421875 0.088888888888889 0.47421875 0.15833333333333346 0.503125 0.15833333333333346
1 0.4125 8.649068018978182e-17 0.38203125 8.317392844209108e-17 0.38203125 0.030555555555555638 0.4125 0.030555555555555645
1 0.43125 0.01527777777777787 0.403125 0.015277777777777866 0.403125 0.08055555555555564 0.43125 0.08055555555555566
1 0.2265625 0.5083333333333333 0.19453125000000004 0.5083333333333333 0.19453125000000004 0.5777777777777777 0.2265625 0.5777777777777777
1 0.16640625000000003 0.40694444444444444 0.13281250000000006 0.40694444444444444 0.13281250000000006 0.49027777777777776 0.16640625000000003 0.49027777777777776
1 0.13515625000000003 0.5875 0.09843750000000004 0.5875 0.09843750000000004 0.6722222222222223 0.13515625000000003 0.6722222222222223
1 0.68671875 0.8583333333333333 0.653125 0.8583333333333333 0.653125 0.925 0.68671875 0.925
1 0.90546875 0.7055555555555557 0.87421875 0.7055555555555557 0.87421875 0.7680555555555558 0.90546875 0.7680555555555558
1 0.88984375 0.7736111111111115 0.8578125 0.7736111111111115 0.8578125 0.8486111111111114 0.88984375 0.8486111111111114
1 0.934375 0.7555555555555559 0.9109375 0.7555555555555559 0.9109375 0.8236111111111114 0.934375 0.8236111111111114
1 0.85859375 0.8805555555555559 0.8359375 0.8805555555555559 0.8359375 0.9444444444444448 0.85859375 0.9444444444444448
1 0.43984375 0.8 0.40390625 0.8 0.40390625 0.8875 0.43984375 0.8875