1 0.28333333333333344 0.23203125 0.2472222222222223 0.23203125 0.2472222222222223 0.24609375 0.28333333333333344 0.24609375
1 0.22638888888888897 0.23984375 0.19305555555555565 0.23984375 0.19305555555555565 0.26015625 0.22638888888888897 0.26015625
1 0.7875 0.3476562500000001 0.7527777777777778 0.3476562500000001 0.7527777777777778 0.36796875000000007 0.7875 0.36796875000000007
1 0.7375 0.45546875 0.7000000000000002 0.45546875 0.7000000000000002 0.47265625 0.7375 0.47265625
1 0.9041666666666667 0.484375 0.8722222222222222 0.484375 0.8722222222222222 0.49921875 0.9041666666666667 0.49921875
1 0.5527777777777779 0.4890625 0.5208333333333335 0.4890625 0.5208333333333335 0.50390625 0.5527777777777779 0.50390625
1 0.28888888888888903 0.63203125 0.2569444444444446 0.63203125 0.2569444444444446 0.6453125 0.28888888888888903 0.6453125
1 0.2833333333333335 0.64765625 0.2611111111111113 0.64765625 0.2611111111111113 0.6609375 0.2833333333333335 0.6609375
1 0.3097222222222224 0.66015625 0.2805555555555557 0.66015625 0.2805555555555557 0.675 0.3097222222222224 0.675
1 0.3069444444444446 0.684375 0.2763888888888891 0.684375 0.2763888888888891 0.7015625 0.3069444444444446 0.7015625
1 0.48611111111111127 0.74609375 0.46111111111111125 0.74609375 0.46111111111111125 0.75546875 0.48611111111111127 0.75546875
1 0.31250000000000017 0.6 0.2805555555555557 0.6 0.2805555555555557 0.61328125 0.31250000000000017 0.61328125