1 0.5166666666666667 0.35625 0.4638888888888889 0.35625 0.46388888888888896 0.40078125 0.5166666666666668 0.40078125
1 0.5444444444444446 0.37109375 0.4902777777777779 0.37109375 0.4902777777777779 0.4109375 0.5444444444444446 0.4109375
1 0.6430555555555557 0.38359375 0.5861111111111112 0.38359375 0.5861111111111112 0.42421875 0.6430555555555557 0.42421875
1 0.35833333333333334 0.14375000000000002 0.3013888888888889 0.14375 0.30138888888888893 0.18593750000000003 0.35833333333333334 0.18593750000000003
1 0.7138888888888889 0.3648437500000001 0.6722222222222224 0.3648437500000001 0.6722222222222224 0.3945312500000001 0.7138888888888889 0.3945312500000001
1 0.7583333333333333 0.3671875000000001 0.7152777777777778 0.3671875000000001 0.7152777777777778 0.39531250000000007 0.7583333333333333 0.39531250000000007
1 0.7722222222222223 0.3453125000000001 0.7319444444444444 0.3453125000000001 0.7319444444444444 0.3820312500000001 0.7722222222222223 0.3820312500000001
1 0.6680555555555557 0.36718750000000006 0.6152777777777779 0.3671875 0.6152777777777779 0.39375000000000004 0.6680555555555557 0.3937500000000001
1 0.626388888888889 0.64609375 0.577777777777778 0.64609375 0.577777777777778 0.6828125 0.626388888888889 0.6828125
1 0.7416666666666667 0.58671875 0.7000000000000002 0.58671875 0.7000000000000002 0.6171875 0.7416666666666667 0.6171875
1 0.46527777777777796 0.665625 0.41111111111111126 0.665625 0.41111111111111126 0.6984375 0.46527777777777796 0.6984375
1 0.9944444444444445 0.65234375 0.9486111111111111 0.65234375 0.9486111111111111 0.6859375 0.9944444444444445 0.6859375
1 0.026388888888888955 0.2578125 5.612964496092035e-17 0.2578125 6.038189079129311e-17 0.296875 0.026388888888888958 0.296875