1 0.11527777777777781 0.18984375 0.0541666666666667 0.18984375 0.05416666666666672 0.23046875 0.11527777777777781 0.23046875
1 0.3888888888888889 0.10234375000000004 0.3333333333333333 0.10234375000000004 0.3333333333333333 0.14218750000000005 0.3888888888888889 0.14218750000000005
1 0.30694444444444446 0.17734375 0.25972222222222224 0.17734375 0.25972222222222224 0.209375 0.3069444444444445 0.209375
1 0.3527777777777778 0.16250000000000003 0.3111111111111111 0.1625 0.31111111111111117 0.19687500000000002 0.35277777777777786 0.19687500000000005
1 0.36944444444444446 0.17734375000000002 0.31527777777777777 0.17734375 0.3152777777777778 0.221875 0.36944444444444446 0.221875
1 0.4875 0.17812500000000003 0.43333333333333335 0.17812500000000003 0.43333333333333335 0.215625 0.4875 0.215625
1 0.5277777777777778 0.17265625000000004 0.4736111111111111 0.17265625000000004 0.4736111111111111 0.2109375 0.5277777777777778 0.2109375
1 0.6236111111111111 0.2421875 0.575 0.2421875 0.575 0.2828125 0.6236111111111111 0.2828125
1 0.8597222222222223 0.14062500000000006 0.8152777777777778 0.14062500000000006 0.8152777777777778 0.17265625000000004 0.8597222222222223 0.17265625000000004
1 0.8958333333333334 0.14765625000000004 0.8472222222222222 0.14765625000000004 0.8472222222222222 0.17421875000000003 0.8958333333333334 0.17421875000000003
1 0.8555555555555555 0.19375000000000003 0.825 0.19375000000000003 0.825 0.2179687500000001 0.8555555555555555 0.2179687500000001
1 0.12777777777777788 0.440625 0.08333333333333343 0.440625 0.08333333333333343 0.46796875 0.1277777777777779 0.46796875
1 0.8194444444444444 0.56171875 0.7597222222222222 0.56171875 0.7597222222222222 0.59921875 0.8194444444444444 0.59921875