1 0.7236111111111111 0.61015625 0.6638888888888891 0.61015625 0.6638888888888891 0.65859375 0.7236111111111111 0.65859375
1 0.7680555555555556 0.603125 0.7138888888888889 0.603125 0.7138888888888889 0.64921875 0.7680555555555556 0.64921875
1 0.7111111111111111 0.590625 0.6444444444444446 0.590625 0.6444444444444446 0.63125 0.7111111111111111 0.63125
1 0.6750000000000002 0.64296875 0.6000000000000002 0.64296875 0.6000000000000002 0.68984375 0.6750000000000002 0.68984375
1 0.5250000000000001 0.88125 0.46666666666666684 0.88125 0.46666666666666684 0.9234375 0.5250000000000001 0.9234375
1 0.3791666666666668 0.8703125 0.3319444444444446 0.8703125 0.3319444444444446 0.90625 0.3791666666666668 0.90625
1 0.22361111111111118 0.475 0.17916666666666675 0.475 0.17916666666666675 0.509375 0.22361111111111118 0.509375
1 0.2361111111111112 0.48984375 0.1861111111111112 0.48984375 0.1861111111111112 0.5296875 0.2361111111111112 0.5296875
1 0.20694444444444451 0.28671875 0.15000000000000008 0.28671875 0.15000000000000008 0.31953125 0.20694444444444451 0.31953125
1 0.21250000000000008 0.3015625 0.16527777777777786 0.3015625 0.16527777777777786 0.3328125 0.21250000000000008 0.3328125
1 0.3527777777777779 0.59609375 0.3083333333333335 0.59609375 0.3083333333333335 0.62421875 0.3527777777777779 0.62421875