1 0.6777777777777778 0.10390625000000005 0.6222222222222222 0.10390625000000005 0.6222222222222222 0.14218750000000005 0.6777777777777778 0.14218750000000005
1 0.7125 0.10703125000000005 0.6583333333333333 0.10703125000000005 0.6583333333333333 0.14453125000000006 0.7125 0.14453125000000006
1 0.7694444444444445 0.18046875000000004 0.7097222222222223 0.18046875000000004 0.7097222222222223 0.22812500000000008 0.7694444444444445 0.22812500000000008
1 0.7888888888888889 0.17265625000000004 0.7555555555555555 0.17265625000000004 0.7555555555555555 0.21875000000000008 0.7888888888888889 0.21875000000000008
1 0.6 0.19218750000000004 0.5597222222222222 0.19218750000000004 0.5597222222222222 0.228125 0.6 0.228125
1 0.5541666666666667 0.17968750000000006 0.5013888888888889 0.17968750000000006 0.5013888888888889 0.21015625 0.5541666666666667 0.21015625
1 0.6027777777777777 0.16171875000000005 0.5388888888888889 0.16171875000000005 0.5388888888888889 0.19843750000000004 0.6027777777777777 0.19843750000000004
1 0.31805555555555565 0.1890625 0.26388888888888895 0.1890625 0.26388888888888895 0.2265625 0.31805555555555565 0.2265625
1 0.4347222222222224 0.41953125 0.38472222222222235 0.41953125 0.38472222222222235 0.45625 0.4347222222222224 0.45625
1 0.29166666666666674 0.45234375 0.2458333333333334 0.45234375 0.2458333333333334 0.48046875 0.29166666666666674 0.48046875
1 0.1847222222222223 0.4296875 0.12500000000000008 0.4296875 0.1250000000000001 0.4609375 0.1847222222222223 0.4609375
1 0.16805555555555562 0.365625 0.12361111111111119 0.365625 0.12361111111111119 0.40078125 0.16805555555555562 0.40078125
1 0.313888888888889 0.3828125 0.26527777777777783 0.3828125 0.26527777777777783 0.41640625 0.313888888888889 0.41640625
1 0.8458333333333333 0.2671875000000001 0.7930555555555555 0.2671875000000001 0.7930555555555555 0.3007812500000001 0.8458333333333333 0.3007812500000001