1 0.05833333333333347 0.6125 1.3335042924048959e-16 0.6125 1.3598682165532067e-16 0.63671875 0.05833333333333347 0.63671875
1 0.06388888888888902 0.6296875 0.012500000000000138 0.6296875 0.012500000000000141 0.6578125 0.06388888888888902 0.6578125
1 0.018055555555555634 0.3359375 7.313862828241138e-17 0.3359375 7.637033511349466e-17 0.365625 0.018055555555555634 0.365625
1 0.10000000000000007 0.34375 0.04861111111111119 0.34375 0.04861111111111119 0.3703125 0.10000000000000007 0.3703125
1 0.14444444444444451 0.34375 0.09166666666666674 0.34375 0.09166666666666674 0.37109375 0.14444444444444451 0.37109375
1 0.1222222222222223 0.31171875 0.07777777777777783 0.31171875 0.07777777777777785 0.3390625 0.1222222222222223 0.3390625
1 0.13055555555555565 0.3921875 0.08055555555555563 0.3921875 0.08055555555555564 0.4234375 0.13055555555555565 0.4234375
1 0.12638888888888897 0.4203125 0.06527777777777788 0.4203125 0.06527777777777788 0.45 0.12638888888888897 0.45
1 0.2361111111111112 0.48515625 0.17777777777777787 0.48515625 0.17777777777777787 0.521875 0.2361111111111112 0.521875
1 0.775 0.5828125 0.7194444444444444 0.5828125 0.7194444444444444 0.61484375 0.775 0.61484375
1 0.7263888888888891 0.703125 0.676388888888889 0.703125 0.676388888888889 0.7359375 0.7263888888888892 0.7359375
1 0.55 0.23671875 0.49722222222222223 0.23671875 0.49722222222222223 0.26171875 0.55 0.26171875
1 0.5125 0.22265625 0.4708333333333333 0.22265625 0.4708333333333333 0.2375 0.5125 0.2375
1 0.15138888888888893 0.225 0.09722222222222227 0.225 0.09722222222222227 0.25546875 0.15138888888888893 0.25546875