1 0.6638888888888889 0.28437500000000004 0.575 0.284375 0.575 0.33125000000000004 0.6638888888888889 0.3312500000000001
1 0.8694444444444445 0.2750000000000001 0.7861111111111111 0.2750000000000001 0.7861111111111111 0.3187500000000001 0.8694444444444445 0.3187500000000001
1 0.7666666666666667 0.5109375 0.6944444444444446 0.5109375 0.6944444444444446 0.5453125 0.7666666666666667 0.5453125
1 0.7430555555555556 0.48671875 0.6875000000000001 0.48671875 0.6875000000000001 0.509375 0.7430555555555556 0.509375
1 0.7097222222222224 0.509375 0.6666666666666669 0.509375 0.6666666666666669 0.540625 0.7097222222222224 0.540625
1 0.8125 0.5125 0.7486111111111111 0.5125 0.7486111111111111 0.5453125 0.8125 0.5453125
1 0.2611111111111113 0.72109375 0.2069444444444446 0.72109375 0.2069444444444446 0.7421875 0.2611111111111113 0.7421875
1 0.09305555555555571 0.6890625 0.031944444444444595 0.6890625 0.031944444444444595 0.7171875 0.09305555555555571 0.7171875
1 0.44722222222222235 0.51484375 0.38333333333333347 0.51484375 0.38333333333333347 0.546875 0.44722222222222235 0.546875
1 0.23194444444444454 0.21875 0.16944444444444448 0.21875 0.16944444444444448 0.24375 0.23194444444444454 0.24375
1 0.5638888888888889 0.3125 0.4638888888888889 0.3125 0.4638888888888889 0.35625 0.5638888888888889 0.35625
1 0.5472222222222224 0.7015625 0.48888888888888904 0.7015625 0.48888888888888904 0.7203125 0.5472222222222224 0.7203125
1 0.9333333333333333 0.40625 0.8861111111111111 0.40625 0.8861111111111111 0.4453125 0.9333333333333333 0.4453125