1 0.2972222222222223 0.2609375 0.23194444444444454 0.2609375 0.23194444444444454 0.3015625 0.2972222222222223 0.3015625
1 0.5569444444444445 0.14453125000000006 0.5152777777777777 0.14453125000000006 0.5152777777777777 0.17265625000000004 0.5569444444444445 0.17265625000000004
1 0.6013888888888889 0.10781250000000005 0.5597222222222222 0.10781250000000005 0.5597222222222222 0.14531250000000004 0.6013888888888889 0.14531250000000004
1 0.8763888888888889 0.3000000000000001 0.8125 0.3000000000000001 0.8125 0.34843750000000007 0.8763888888888889 0.34843750000000007
1 0.8375 0.3226562500000001 0.7736111111111111 0.3226562500000001 0.7736111111111111 0.3726562500000001 0.8375 0.3726562500000001
1 0.7888888888888889 0.3804687500000001 0.7111111111111111 0.3804687500000001 0.7111111111111111 0.43046875 0.7888888888888889 0.43046875
1 0.7666666666666667 0.44296875 0.6875000000000001 0.44296875 0.6875000000000001 0.49375 0.7666666666666667 0.49375
1 0.7402777777777778 0.6203125 0.6958333333333335 0.6203125 0.6958333333333335 0.66171875 0.7402777777777778 0.66171875
1 0.1694444444444446 0.62421875 0.11944444444444456 0.62421875 0.11944444444444459 0.665625 0.1694444444444446 0.665625
1 0.3083333333333334 0.44609375 0.2458333333333334 0.44609375 0.2458333333333334 0.47109375 0.3083333333333334 0.47109375
1 0.7430555555555556 0.14531250000000004 0.6833333333333333 0.14531250000000004 0.6833333333333333 0.17812500000000003 0.7430555555555556 0.17812500000000003