1 0.30555555555555564 0.490625 0.2708333333333334 0.490625 0.2708333333333334 0.50703125 0.30555555555555564 0.50703125
1 0.3069444444444445 0.5078125 0.27638888888888896 0.5078125 0.27638888888888896 0.521875 0.3069444444444445 0.521875
1 0.32500000000000007 0.459375 0.2930555555555556 0.459375 0.2930555555555556 0.47421875 0.32500000000000007 0.47421875
1 0.3236111111111113 0.5453125 0.2958333333333335 0.5453125 0.2958333333333335 0.56015625 0.3236111111111113 0.56015625
1 0.33055555555555566 0.52265625 0.3000000000000001 0.52265625 0.3000000000000001 0.53671875 0.33055555555555566 0.53671875
1 0.41111111111111126 0.5484375 0.3805555555555557 0.5484375 0.3805555555555557 0.56328125 0.41111111111111126 0.56328125
1 0.4305555555555557 0.53203125 0.40416666666666684 0.53203125 0.40416666666666684 0.546875 0.4305555555555557 0.546875
1 0.502777777777778 0.60234375 0.4777777777777779 0.60234375 0.4777777777777779 0.615625 0.502777777777778 0.615625
1 0.42638888888888904 0.63125 0.4097222222222224 0.63125 0.4097222222222224 0.6375 0.42638888888888904 0.6375
1 0.4291666666666668 0.62734375 0.41666666666666685 0.62734375 0.41666666666666685 0.63203125 0.4291666666666668 0.63203125
1 0.563888888888889 0.346875 0.525 0.346875 0.5250000000000001 0.365625 0.563888888888889 0.365625
1 0.7513888888888889 0.3109375000000001 0.7138888888888889 0.3109375000000001 0.7138888888888889 0.3281250000000001 0.7513888888888889 0.3281250000000001
1 0.9194444444444444 0.3359375000000001 0.8847222222222222 0.3359375000000001 0.8847222222222222 0.3515625000000001 0.9194444444444444 0.3515625000000001