1 0.5555555555555556 0.16406250000000006 0.5027777777777778 0.16406250000000006 0.5027777777777778 0.2015625 0.5555555555555556 0.2015625
1 0.5694444444444444 0.20625 0.5083333333333333 0.20625 0.5083333333333333 0.2515625 0.5694444444444444 0.2515625
1 0.625 0.2484375 0.5472222222222223 0.2484375 0.5472222222222223 0.3015625 0.625 0.3015625
1 0.9472222222222222 0.3046875000000001 0.8916666666666667 0.3046875000000001 0.8916666666666667 0.3546875000000001 0.9472222222222222 0.3546875000000001
1 0.9722222222222222 0.30156250000000007 0.9277777777777778 0.30156250000000007 0.9277777777777778 0.3390625000000001 0.9722222222222222 0.3390625000000001
1 0.8611111111111112 0.596875 0.7833333333333333 0.596875 0.7833333333333333 0.64375 0.8611111111111112 0.64375
1 0.9222222222222223 0.6109375 0.8666666666666667 0.6109375 0.8666666666666667 0.653125 0.9222222222222223 0.653125
1 0.5472222222222224 0.675 0.46666666666666684 0.675 0.46666666666666684 0.71875 0.5472222222222224 0.71875
1 0.5194444444444446 0.615625 0.4638888888888891 0.615625 0.4638888888888891 0.6515625 0.5194444444444446 0.6515625
1 0.4722222222222224 0.5875 0.41388888888888903 0.5875 0.41388888888888903 0.63125 0.4722222222222224 0.63125
1 0.3000000000000001 0.44375 0.23333333333333342 0.44375 0.23333333333333342 0.4890625 0.3000000000000001 0.4890625
1 0.11666666666666682 0.76875 0.06388888888888905 0.76875 0.06388888888888905 0.803125 0.11666666666666682 0.803125
1 0.3500000000000001 0.39375 0.2805555555555556 0.39375 0.2805555555555556 0.4328125 0.3500000000000001 0.4328125
1 0.7125 0.18281250000000004 0.6541666666666667 0.18281250000000004 0.6541666666666667 0.2156250000000001 0.7125 0.2156250000000001