1 0.0611111111111112 0.40390625 8.793644377210856e-17 0.40390625 9.116815060319186e-17 0.43359375 0.06111111111111121 0.43359375
1 0.04861111111111121 0.428125 9.320922860177076e-17 0.428125 9.63558905162466e-17 0.45703125 0.04861111111111121 0.45703125
1 0.16527777777777788 0.49296875 0.11250000000000011 0.49296875 0.11250000000000011 0.52265625 0.16527777777777788 0.52265625
1 0.06111111111111125 0.6390625 0.013888888888889027 0.6390625 0.01388888888888903 0.66484375 0.06111111111111125 0.66484375
1 0.030555555555555634 0.34140625 7.432925711491574e-17 0.34140625 7.739087411278413e-17 0.36953125 0.030555555555555634 0.36953125
1 0.051388888888888956 0.3125 6.803593328596407e-17 0.3125 7.160781978347719e-17 0.3453125 0.05138888888888897 0.3453125
1 0.06388888888888897 0.3453125 0.011111111111111184 0.3453125 0.01111111111111119 0.37421875 0.06388888888888897 0.37421875
1 0.08333333333333338 0.21875 4.762515330017485e-17 0.21875 4.966623129875377e-17 0.2375 0.0833333333333334 0.2375
1 0.5111111111111111 0.21875 0.4375 0.21875 0.4375 0.25234375 0.5111111111111111 0.25234375
1 0.7375 0.5921875 0.6611111111111113 0.5921875 0.6611111111111113 0.62578125 0.7375 0.62578125
1 0.6805555555555557 0.7328125 0.6125000000000002 0.7328125 0.6125000000000002 0.7640625 0.6805555555555557 0.7640625
1 0.6180555555555557 0.73203125 0.5527777777777779 0.73203125 0.5527777777777779 0.765625 0.6180555555555557 0.765625