1 0.3930555555555557 0.3640625 0.34027777777777785 0.3640625 0.34027777777777785 0.4078125 0.3930555555555557 0.4078125
1 0.47777777777777786 0.3515625 0.42777777777777776 0.3515625 0.42777777777777787 0.3828125 0.4777777777777779 0.3828125
1 0.7013888888888888 0.3070312500000001 0.65 0.3070312500000001 0.65 0.3460937500000001 0.7013888888888888 0.3460937500000001
1 0.2250000000000001 0.40625 0.1861111111111112 0.40625 0.1861111111111112 0.43515625 0.2250000000000001 0.43515625
1 0.18194444444444452 0.4046875 0.15555555555555564 0.4046875 0.15555555555555564 0.43125 0.18194444444444452 0.43125
1 0.21666666666666676 0.41953125 0.16805555555555562 0.41953125 0.16805555555555562 0.4484375 0.21666666666666676 0.4484375
1 0.3805555555555557 0.43203125 0.31111111111111117 0.43203125 0.31111111111111117 0.46640625 0.3805555555555557 0.46640625
1 0.5097222222222224 0.42578125 0.44027777777777793 0.42578125 0.44027777777777793 0.46328125 0.5097222222222224 0.46328125
1 0.5458333333333335 0.40703125 0.4958333333333335 0.40703125 0.4958333333333335 0.43515625 0.5458333333333335 0.43515625
1 0.8194444444444444 0.18125000000000005 0.7777777777777778 0.18125000000000005 0.7777777777777778 0.20468750000000008 0.8194444444444444 0.20468750000000008
1 0.8638888888888889 0.15312500000000004 0.825 0.15312500000000004 0.825 0.17734375000000005 0.8638888888888889 0.17734375000000005
1 0.11666666666666678 0.53046875 0.07916666666666679 0.53046875 0.07916666666666679 0.559375 0.11666666666666678 0.559375
1 0.17500000000000013 0.61484375 0.14444444444444457 0.61484375 0.14444444444444457 0.63671875 0.17500000000000016 0.63671875
1 0.25972222222222235 0.68671875 0.22361111111111126 0.68671875 0.22361111111111126 0.7125 0.25972222222222235 0.7125
1 0.35416666666666685 0.68515625 0.3250000000000002 0.68515625 0.3250000000000002 0.71015625 0.35416666666666685 0.71015625