1 0.2911458333333333 0.41944444444444456 0.27447916666666666 0.41944444444444456 0.27447916666666666 0.44444444444444453 0.2911458333333333 0.44444444444444453
1 0.5135416666666667 0.7861111111111113 0.496875 0.7861111111111113 0.496875 0.8129629629629632 0.5135416666666667 0.8129629629629632
1 0.5520833333333334 0.8481481481481483 0.5380208333333333 0.8481481481481483 0.5380208333333333 0.8796296296296299 0.5520833333333334 0.8796296296296299
1 0.5994791666666667 0.739814814814815 0.5890625 0.739814814814815 0.5890625 0.7629629629629632 0.5994791666666667 0.7629629629629632
1 0.6020833333333333 0.7185185185185188 0.5864583333333333 0.7185185185185188 0.5864583333333333 0.7425925925925928 0.6020833333333333 0.7425925925925928
1 0.575 0.7361111111111113 0.5640625 0.7361111111111113 0.5640625 0.7574074074074076 0.575 0.7574074074074076
1 0.5015625 0.7648148148148151 0.49270833333333336 0.7648148148148151 0.49270833333333336 0.7925925925925928 0.5015625 0.7925925925925928
1 0.49114583333333334 0.7703703703703705 0.48020833333333335 0.7703703703703704 0.48020833333333335 0.7907407407407409 0.49114583333333334 0.790740740740741
1 0.5354166666666667 0.9314814814814817 0.5234375000000001 0.9314814814814817 0.5234375000000001 0.9555555555555556 0.5354166666666667 0.9555555555555556
1 0.39739583333333334 0.1490740740740742 0.3875 0.1490740740740742 0.3875 0.16574074074074086 0.39739583333333334 0.16574074074074086
1 0.3932291666666667 0.0722222222222223 0.38385416666666666 0.0722222222222223 0.38385416666666666 0.08518518518518527 0.3932291666666667 0.08518518518518527