1 0.34322916666666664 0.4462962962962964 0.32708333333333334 0.4462962962962964 0.32708333333333334 0.4722222222222223 0.34322916666666664 0.4722222222222223
1 0.3671875 0.4324074074074075 0.3536458333333333 0.4324074074074075 0.3536458333333333 0.46759259259259267 0.3671875 0.46759259259259267
1 0.3848958333333333 0.40555555555555567 0.3645833333333333 0.40555555555555567 0.3645833333333333 0.4425925925925927 0.3848958333333333 0.4425925925925927
1 0.4546875 0.5138888888888888 0.43854166666666666 0.5138888888888888 0.43854166666666666 0.5462962962962963 0.4546875 0.5462962962962963
1 0.4078125 0.16481481481481491 0.39479166666666665 0.16481481481481491 0.39479166666666665 0.18703703703703714 0.4078125 0.18703703703703714
1 0.4161458333333333 0.14537037037037048 0.40260416666666665 0.14537037037037048 0.40260416666666665 0.16574074074074086 0.4161458333333333 0.16574074074074086
1 0.40677083333333336 0.14166666666666677 0.39427083333333335 0.14166666666666677 0.39427083333333335 0.1611111111111112 0.40677083333333336 0.1611111111111112
1 0.421875 0.15462962962962973 0.4088541666666667 0.15462962962962973 0.4088541666666667 0.1740740740740742 0.421875 0.1740740740740742
1 0.36354166666666665 0.13796296296296304 0.3515625 0.137962962962963 0.3515625 0.16296296296296303 0.36354166666666665 0.16296296296296306
1 0.359375 0.1518518518518519 0.3489583333333333 0.1518518518518519 0.3489583333333333 0.17129629629629634 0.359375 0.17129629629629634
1 0.3328125 0.2083333333333334 0.31927083333333334 0.2083333333333334 0.31927083333333334 0.2305555555555556 0.3328125 0.2305555555555556
1 0.25885416666666666 0.21018518518518522 0.2484375 0.21018518518518522 0.2484375 0.22592592592592597 0.25885416666666666 0.22592592592592597
1 0.7416666666666667 0.27592592592592613 0.7260416666666667 0.27592592592592613 0.7260416666666667 0.3175925925925928 0.7416666666666667 0.3175925925925928
1 0.7578125 0.26944444444444465 0.7380208333333333 0.26944444444444465 0.7380208333333333 0.30462962962962986 0.7578125 0.30462962962962986
1 0.3015625 0.4166666666666668 0.29010416666666666 0.4166666666666668 0.29010416666666666 0.43703703703703717 0.3015625 0.43703703703703717
1 0.30833333333333335 0.3962962962962964 0.2942708333333333 0.3962962962962964 0.2942708333333333 0.42407407407407416 0.30833333333333335 0.42407407407407416
1 0.2942708333333333 0.39074074074074083 0.28177083333333336 0.39074074074074083 0.28177083333333336 0.4129629629629631 0.2942708333333333 0.4129629629629631
1 0.6234375 0.7796296296296299 0.6041666666666666 0.7796296296296299 0.6041666666666666 0.8296296296296298 0.6234375 0.8296296296296298
1 0.4671875 0.6768518518518518 0.4505208333333333 0.6768518518518518 0.4505208333333333 0.7092592592592593 0.4671875 0.7092592592592593
1 0.6015625 0.6944444444444446 0.5869791666666667 0.6944444444444446 0.5869791666666667 0.7250000000000002 0.6015625 0.7250000000000002