1 0.14218750000000005 0.675 0.1317708333333334 0.675 0.1317708333333334 0.6962962962962963 0.14218750000000005 0.6962962962962963
1 0.2333333333333334 0.7592592592592593 0.22187500000000007 0.7592592592592593 0.22187500000000007 0.7805555555555556 0.2333333333333334 0.7805555555555556
1 0.25260416666666674 0.7611111111111111 0.2489583333333334 0.7611111111111111 0.2489583333333334 0.774074074074074 0.25260416666666674 0.774074074074074
1 0.2755208333333333 0.7416666666666667 0.26562500000000006 0.7416666666666667 0.26562500000000006 0.7592592592592593 0.2755208333333333 0.7592592592592593
1 0.09791666666666672 0.8379629629629629 0.0833333333333334 0.8379629629629629 0.0833333333333334 0.8611111111111112 0.09791666666666672 0.8611111111111112
1 0.10104166666666672 0.887962962962963 0.09218750000000006 0.887962962962963 0.09218750000000006 0.9018518518518519 0.10104166666666672 0.9018518518518519
1 0.10000000000000006 0.8768518518518519 0.0880208333333334 0.8768518518518519 0.0880208333333334 0.8962962962962963 0.10000000000000006 0.8962962962962963
0 0.14635416666666673 0.8203703703703704 0.13489583333333338 0.8203703703703704 0.13489583333333338 0.8444444444444444 0.14635416666666673 0.8444444444444444
1 0.34739583333333335 0.6416666666666667 0.3421875 0.6416666666666667 0.3421875 0.6546296296296297 0.34739583333333335 0.6546296296296297
1 0.359375 0.6296296296296297 0.3536458333333333 0.6296296296296297 0.3536458333333333 0.6407407407407407 0.359375 0.6407407407407407
1 0.3645833333333333 0.6222222222222222 0.3609375 0.6222222222222222 0.3609375 0.6314814814814815 0.3645833333333333 0.6314814814814815
1 0.3390625 0.6768518518518518 0.33489583333333334 0.6768518518518518 0.33489583333333334 0.687962962962963 0.3390625 0.687962962962963
1 0.35885416666666664 0.6601851851851852 0.3536458333333333 0.6601851851851852 0.3536458333333333 0.6722222222222223 0.35885416666666664 0.6722222222222223
1 0.3567708333333333 0.725 0.35104166666666664 0.725 0.35104166666666664 0.737037037037037 0.3567708333333333 0.737037037037037
1 0.39114583333333336 0.6898148148148148 0.38645833333333335 0.6898148148148148 0.38645833333333335 0.7018518518518518 0.39114583333333336 0.7018518518518518
1 0.3927083333333333 0.7240740740740741 0.3875 0.7240740740740741 0.3875 0.7361111111111112 0.3927083333333333 0.7361111111111112
1 0.3802083333333333 0.6287037037037037 0.3765625 0.6287037037037037 0.3765625 0.637962962962963 0.3802083333333333 0.637962962962963
1 0.39114583333333336 0.6166666666666667 0.38645833333333335 0.6166666666666667 0.38645833333333335 0.6277777777777778 0.39114583333333336 0.6277777777777778
1 0.43125 0.7425925925925926 0.4265625 0.7425925925925926 0.4265625 0.7518518518518519 0.43125 0.7518518518518519
1 0.46927083333333336 0.7796296296296297 0.46458333333333335 0.7796296296296297 0.46458333333333335 0.7935185185185185 0.46927083333333336 0.7935185185185185
1 0.4234375 0.7759259259259259 0.4192708333333333 0.7759259259259259 0.4192708333333333 0.7861111111111111 0.4234375 0.7861111111111111
1 0.4671875 0.7148148148148148 0.4630208333333333 0.7148148148148148 0.4630208333333333 0.725925925925926 0.4671875 0.725925925925926
1 0.45729166666666665 0.7324074074074074 0.45364583333333336 0.7324074074074074 0.45364583333333336 0.7416666666666667 0.45729166666666665 0.7416666666666667
1 0.4739583333333333 0.6537037037037037 0.4703125 0.6537037037037037 0.4703125 0.6620370370370371 0.4739583333333333 0.6620370370370371
1 0.4473958333333333 0.6361111111111111 0.44166666666666665 0.6361111111111111 0.44166666666666665 0.6453703703703704 0.4473958333333333 0.6453703703703704
1 0.4083333333333333 0.6046296296296296 0.4036458333333333 0.6046296296296296 0.4036458333333333 0.6157407407407407 0.4083333333333333 0.6157407407407407
1 0.46197916666666666 0.5972222222222222 0.4578125 0.5972222222222222 0.4578125 0.6055555555555555 0.46197916666666666 0.6055555555555555
1 0.478125 0.6129629629629629 0.475 0.6129629629629629 0.475 0.6231481481481481 0.478125 0.6231481481481481