1 0.48854166666666665 0.47685185185185197 0.4625 0.47685185185185186 0.4625 0.5212962962962964 0.48854166666666665 0.5212962962962965
1 0.5213541666666667 0.5722222222222224 0.4973958333333333 0.5722222222222224 0.4973958333333333 0.6092592592592595 0.5213541666666667 0.6092592592592595
1 0.5854166666666667 0.5685185185185188 0.5588541666666667 0.5685185185185188 0.5588541666666667 0.6185185185185187 0.5854166666666667 0.6185185185185187
1 0.5895833333333333 0.5370370370370372 0.5677083333333334 0.5370370370370372 0.5677083333333334 0.5740740740740743 0.5895833333333333 0.5740740740740743
1 0.40520833333333334 0.5518518518518518 0.38229166666666664 0.5518518518518518 0.38229166666666664 0.5981481481481481 0.40520833333333334 0.5981481481481481
1 0.428125 0.7527777777777778 0.40729166666666666 0.7527777777777778 0.40729166666666666 0.8 0.428125 0.8
1 0.39739583333333345 0.8685185185185185 0.3744791666666668 0.8685185185185185 0.3744791666666668 0.9120370370370371 0.39739583333333345 0.9120370370370371
1 0.49114583333333334 0.7972222222222223 0.47291666666666665 0.7972222222222223 0.47291666666666665 0.8416666666666668 0.49114583333333334 0.8416666666666669
1 0.5520833333333334 0.8601851851851854 0.5270833333333335 0.8601851851851854 0.5270833333333335 0.9194444444444446 0.5520833333333334 0.9194444444444446
1 0.5046875 0.7759259259259261 0.48385416666666664 0.7759259259259261 0.48385416666666664 0.8175925925925928 0.5046875 0.8175925925925928
1 0.5776041666666667 0.8759259259259261 0.55625 0.8759259259259261 0.55625 0.9250000000000002 0.5776041666666667 0.9250000000000002
1 0.665625 0.9555555555555556 0.6390625 0.9555555555555556 0.6390625 0.9944444444444445 0.665625 0.9944444444444445
1 0.803125 0.8250000000000002 0.7802083333333333 0.8250000000000002 0.7802083333333333 0.8787037037037039 0.803125 0.8787037037037039
1 0.8234375 0.8351851851851854 0.7989583333333333 0.8351851851851854 0.7989583333333333 0.8722222222222225 0.8234375 0.8722222222222225
1 0.775 0.9175925925925928 0.7526041666666666 0.9175925925925928 0.7526041666666666 0.9583333333333334 0.775 0.9583333333333334
1 0.8015625 0.31296296296296316 0.7802083333333333 0.31296296296296316 0.7802083333333333 0.35277777777777797 0.8015625 0.35277777777777797
1 0.8296875 0.3888888888888891 0.8036458333333333 0.3888888888888891 0.8036458333333333 0.43055555555555575 0.8296875 0.43055555555555575
1 0.928125 0.2944444444444447 0.9057291666666667 0.2944444444444447 0.9057291666666667 0.3314814814814817 0.928125 0.3314814814814817
1 0.7494791666666667 0.1870370370370372 0.73125 0.1870370370370372 0.73125 0.22222222222222238 0.7494791666666667 0.22222222222222238