1 0.45208333333333334 0.44722222222222235 0.4354166666666667 0.44722222222222235 0.4354166666666667 0.48703703703703705 0.45208333333333334 0.48703703703703705
1 0.43072916666666666 0.4175925925925927 0.4119791666666667 0.4175925925925927 0.4119791666666667 0.44537037037037047 0.43072916666666666 0.44537037037037047
1 0.4322916666666667 0.4231481481481483 0.41875 0.4231481481481483 0.41875 0.4583333333333334 0.4322916666666667 0.4583333333333334
1 0.4421875 0.43055555555555564 0.428125 0.43055555555555564 0.428125 0.46759259259259267 0.4421875 0.46759259259259267
1 0.50625 0.1712962962962964 0.4901041666666667 0.1712962962962964 0.4901041666666667 0.213888888888889 0.50625 0.213888888888889
1 0.6489583333333333 0.10833333333333346 0.628125 0.10833333333333346 0.628125 0.14629629629629645 0.6489583333333333 0.14629629629629645
1 0.6947916666666667 0.5305555555555558 0.6833333333333333 0.5305555555555558 0.6833333333333333 0.5555555555555558 0.6947916666666667 0.5555555555555558
1 0.7083333333333334 0.5379629629629632 0.6932291666666667 0.5379629629629632 0.6932291666666667 0.5620370370370372 0.7083333333333334 0.5620370370370372
1 0.42291666666666666 0.7138888888888889 0.409375 0.7138888888888889 0.409375 0.7453703703703703 0.42291666666666666 0.7453703703703703
1 0.4552083333333333 0.825925925925926 0.4401041666666667 0.825925925925926 0.4401041666666667 0.8583333333333333 0.4552083333333333 0.8583333333333333
1 0.40677083333333336 0.7342592592592593 0.39375 0.7342592592592593 0.39375 0.7601851851851852 0.40677083333333336 0.7601851851851852
1 0.39479166666666665 0.7379629629629629 0.3828125 0.7379629629629629 0.3828125 0.7694444444444445 0.39479166666666665 0.7694444444444445
1 0.40260416666666665 0.7222222222222222 0.39010416666666664 0.7222222222222222 0.39010416666666664 0.7481481481481481 0.40260416666666665 0.7481481481481481
1 0.5166666666666668 0.9148148148148151 0.5036458333333335 0.9148148148148151 0.5036458333333335 0.9462962962962965 0.5166666666666668 0.9462962962962965
1 0.5427083333333333 0.853703703703704 0.5276041666666667 0.853703703703704 0.5276041666666668 0.8888888888888891 0.5427083333333333 0.8888888888888891
1 0.5671875 0.9138888888888891 0.5541666666666667 0.9138888888888891 0.5541666666666667 0.9435185185185188 0.5671875 0.9435185185185188
1 0.29270833333333335 0.7611111111111111 0.2828125 0.7611111111111111 0.2828125 0.7916666666666666 0.29270833333333335 0.7916666666666666
1 0.30364583333333334 0.7657407407407407 0.2911458333333333 0.7657407407407407 0.2911458333333333 0.7981481481481482 0.30364583333333334 0.7981481481481482
1 0.26302083333333337 0.4564814814814816 0.24791666666666673 0.4564814814814816 0.24791666666666673 0.49074074074074076 0.26302083333333337 0.49074074074074076
1 0.2682291666666667 0.48055555555555557 0.2515625000000001 0.48055555555555557 0.2515625000000001 0.5083333333333333 0.2682291666666667 0.5083333333333333
1 0.27708333333333335 0.2740740740740742 0.2625 0.2740740740740742 0.2625 0.30555555555555564 0.27708333333333335 0.30555555555555564
1 0.1989583333333334 0.4981481481481482 0.1822916666666667 0.4981481481481482 0.1822916666666667 0.5314814814814814 0.1989583333333334 0.5314814814814814
1 0.18541666666666673 0.4842592592592593 0.16979166666666673 0.4842592592592593 0.16979166666666673 0.5175925925925926 0.18541666666666673 0.5175925925925926
1 0.19687500000000005 0.7101851851851851 0.18281250000000007 0.7101851851851851 0.18281250000000007 0.7444444444444445 0.19687500000000005 0.7444444444444445
1 0.371875 0.41018518518518526 0.3546875 0.41018518518518526 0.3546875 0.44351851851851865 0.371875 0.44351851851851865
1 0.4171875 0.34074074074074084 0.4005208333333333 0.34074074074074084 0.4005208333333333 0.38611111111111124 0.4171875 0.38611111111111124
1 0.4708333333333333 0.34074074074074084 0.4552083333333333 0.34074074074074084 0.4552083333333333 0.37407407407407417 0.4708333333333333 0.37407407407407417