1 0.540625 0.2685185185185186 0.5234375 0.2685185185185186 0.5234375 0.301851851851852 0.540625 0.301851851851852
1 0.47760416666666666 0.35833333333333345 0.4635416666666667 0.35833333333333345 0.4635416666666667 0.38425925925925936 0.47760416666666666 0.38425925925925936
1 0.49114583333333334 0.35833333333333345 0.4765625 0.35833333333333345 0.4765625 0.37314814814814823 0.49114583333333334 0.37314814814814823
1 0.4875 0.3972222222222223 0.47239583333333335 0.3972222222222223 0.47239583333333335 0.426851851851852 0.4875 0.426851851851852
1 0.503125 0.3814814814814816 0.490625 0.3814814814814816 0.490625 0.4037037037037038 0.503125 0.4037037037037038
1 0.490625 0.37407407407407417 0.47708333333333336 0.37407407407407417 0.47708333333333336 0.3972222222222223 0.490625 0.3972222222222223
1 0.5552083333333333 0.47592592592592614 0.5421875 0.47592592592592614 0.5421875 0.4990740740740743 0.5552083333333333 0.4990740740740743
1 0.5619791666666667 0.4814814814814817 0.5473958333333333 0.4814814814814817 0.5473958333333333 0.5046296296296299 0.5619791666666667 0.5046296296296299
1 0.5307291666666667 0.6462962962962965 0.5171875 0.6462962962962965 0.5171875 0.6759259259259262 0.5307291666666667 0.6759259259259262
1 0.3776041666666667 0.7018518518518518 0.35885416666666664 0.7018518518518518 0.35885416666666664 0.7296296296296296 0.3776041666666667 0.7296296296296296
1 0.6052083333333333 0.5074074074074076 0.5927083333333333 0.5074074074074076 0.5927083333333333 0.5314814814814817 0.6052083333333333 0.5314814814814817
1 0.6770833333333334 0.5703703703703705 0.6651041666666667 0.5703703703703705 0.6651041666666667 0.5916666666666669 0.6770833333333334 0.5916666666666669
1 0.6739583333333333 0.5537037037037039 0.6614583333333334 0.5537037037037039 0.6614583333333334 0.577777777777778 0.6739583333333333 0.577777777777778
1 0.6885416666666667 0.1305555555555557 0.6729166666666667 0.1305555555555557 0.6729166666666667 0.16111111111111126 0.6885416666666667 0.16111111111111126
1 0.6953125 0.13518518518518535 0.68125 0.13518518518518535 0.68125 0.1620370370370372 0.6953125 0.1620370370370372
1 0.37864583333333335 0.16203703703703712 0.3625 0.1620370370370371 0.3625 0.19907407407407415 0.37864583333333335 0.19907407407407418
1 0.36875 0.14629629629629637 0.3546875 0.14629629629629634 0.3546875 0.18796296296296305 0.36875 0.18796296296296308
1 0.359375 0.14722222222222228 0.3390625 0.14722222222222228 0.3390625 0.18888888888888894 0.359375 0.18888888888888894
1 0.32916666666666666 0.23518518518518525 0.3145833333333333 0.23518518518518525 0.3145833333333333 0.2601851851851853 0.32916666666666666 0.2601851851851853
1 0.340625 0.21666666666666673 0.32135416666666666 0.21666666666666673 0.32135416666666666 0.24444444444444455 0.340625 0.24444444444444455
1 0.340625 0.2722222222222223 0.321875 0.2722222222222223 0.321875 0.30462962962962975 0.340625 0.30462962962962975
1 0.32083333333333336 0.21296296296296302 0.30520833333333336 0.21296296296296302 0.30520833333333336 0.24074074074074084 0.32083333333333336 0.24074074074074084
1 0.26510416666666664 0.09537037037037042 0.240625 0.09537037037037042 0.240625 0.12962962962962968 0.26510416666666664 0.12962962962962968
1 0.29583333333333334 0.1666666666666667 0.2765625 0.1666666666666667 0.2765625 0.19537037037037042 0.29583333333333334 0.19537037037037042