1 0.5135416666666667 0.32685185185185195 0.4942708333333333 0.32685185185185195 0.4942708333333333 0.3574074074074075 0.5135416666666667 0.3574074074074075
1 0.459375 0.22407407407407418 0.44166666666666665 0.22407407407407418 0.44166666666666665 0.2527777777777779 0.459375 0.2527777777777779
1 0.47239583333333335 0.1750000000000001 0.4484375 0.1750000000000001 0.4484375 0.213888888888889 0.47239583333333335 0.213888888888889
1 0.44583333333333336 0.20092592592592604 0.42239583333333336 0.20092592592592604 0.42239583333333336 0.22685185185185194 0.44583333333333336 0.22685185185185194
1 0.4328125 0.38981481481481495 0.4109375 0.38981481481481495 0.4109375 0.42962962962962975 0.4328125 0.42962962962962975
1 0.48333333333333334 0.4629629629629631 0.4625 0.4629629629629631 0.4625 0.4898148148148148 0.48333333333333334 0.4898148148148148
1 0.49114583333333334 0.4407407407407408 0.4708333333333333 0.4407407407407408 0.4708333333333333 0.4750000000000001 0.49114583333333334 0.4750000000000002
1 0.46979166666666666 0.6203703703703703 0.4453125 0.6203703703703703 0.4453125 0.6592592592592592 0.46979166666666666 0.6592592592592592
1 0.45416666666666666 0.6268518518518519 0.4322916666666667 0.6268518518518519 0.4322916666666667 0.6703703703703704 0.45416666666666666 0.6703703703703704
1 0.4567708333333334 0.8462962962962963 0.43125 0.8462962962962963 0.4312500000000001 0.8953703703703704 0.45677083333333346 0.8953703703703704
1 0.47291666666666676 0.9814814814814815 0.44947916666666676 0.9814814814814815 0.44947916666666676 1 0.47291666666666676 1
1 0.6963541666666667 0.5509259259259262 0.6822916666666666 0.5509259259259262 0.6822916666666666 0.5787037037037039 0.6963541666666667 0.5787037037037039
1 0.2755208333333333 0.39074074074074083 0.253125 0.39074074074074083 0.25312500000000004 0.4314814814814816 0.2755208333333333 0.4314814814814816
1 0.2619791666666667 0.4694444444444445 0.24010416666666673 0.46944444444444444 0.24010416666666673 0.5 0.2619791666666667 0.5
1 0.25729166666666675 0.487962962962963 0.23593750000000005 0.487962962962963 0.23593750000000005 0.5296296296296297 0.25729166666666675 0.5296296296296297
1 0.24427083333333338 0.7694444444444445 0.21875000000000006 0.7694444444444445 0.21875000000000006 0.8018518518518518 0.24427083333333338 0.8018518518518518
1 0.24166666666666672 0.7351851851851852 0.21979166666666672 0.7351851851851852 0.21979166666666672 0.774074074074074 0.24166666666666672 0.774074074074074
1 0.5901041666666667 0.6425925925925928 0.5692708333333333 0.6425925925925928 0.5692708333333333 0.6787037037037039 0.5901041666666667 0.6787037037037039
1 0.40625 0.4601851851851853 0.3880208333333333 0.4601851851851853 0.3880208333333333 0.4861111111111111 0.40625 0.4861111111111111
1 0.2526041666666667 0.3222222222222223 0.23020833333333332 0.32222222222222224 0.23020833333333332 0.35277777777777786 0.2526041666666667 0.35277777777777786
1 0.35052083333333345 0.9333333333333333 0.3338541666666668 0.9333333333333333 0.3338541666666668 0.9574074074074074 0.35052083333333345 0.9574074074074074
1 0.2411458333333334 0.8953703703703704 0.22447916666666673 0.8953703703703704 0.22447916666666673 0.9231481481481482 0.2411458333333334 0.9231481481481482
1 0.6296875 0.7537037037037039 0.6125 0.7537037037037039 0.6125 0.7787037037037039 0.6296875 0.7787037037037039