1 0.625 0.6944444444444446 0.5864583333333333 0.6944444444444446 0.5864583333333333 0.7759259259259261 0.625 0.7759259259259261
1 0.8369791666666667 0.8574074074074076 0.8010416666666667 0.8574074074074076 0.8010416666666667 0.9351851851851853 0.8369791666666667 0.9351851851851853
1 0.8651041666666667 0.8240740740740743 0.8239583333333333 0.8240740740740743 0.8239583333333333 0.9037037037037039 0.8651041666666667 0.9037037037037039
1 0.9588541666666667 0.8796296296296299 0.915625 0.8796296296296299 0.915625 0.9537037037037037 0.9588541666666667 0.9537037037037037
1 0.8729166666666667 0.7009259259259262 0.8338541666666667 0.7009259259259262 0.8338541666666667 0.7703703703703706 0.8729166666666667 0.7703703703703706
1 0.48489583333333336 0.6435185185185186 0.45989583333333334 0.6435185185185185 0.45989583333333334 0.7055555555555557 0.48489583333333336 0.7055555555555557
1 0.26666666666666666 0.42962962962962975 0.24270833333333333 0.42962962962962975 0.24270833333333336 0.4861111111111111 0.26666666666666666 0.4861111111111111
1 0.2151041666666667 0.3611111111111111 0.18385416666666668 0.3611111111111111 0.1838541666666667 0.4305555555555556 0.21510416666666674 0.4305555555555556
1 0.15833333333333335 0.412962962962963 0.12552083333333336 0.412962962962963 0.12552083333333336 0.4740740740740741 0.15833333333333338 0.4740740740740741
1 0.11822916666666669 0.362962962962963 0.09531250000000004 0.362962962962963 0.09531250000000004 0.4166666666666667 0.11822916666666669 0.4166666666666667
1 0.15416666666666667 0.3212962962962963 0.11458333333333336 0.3212962962962963 0.11458333333333336 0.387037037037037 0.15416666666666667 0.387037037037037
1 0.19583333333333333 0.09629629629629634 0.16458333333333333 0.09629629629629632 0.16458333333333333 0.15277777777777782 0.19583333333333333 0.15277777777777782
1 0.15208333333333332 0.06111111111111114 0.12291666666666666 0.06111111111111114 0.12291666666666666 0.11759259259259262 0.15208333333333332 0.11759259259259262
1 0.36666666666666664 0.19259259259259268 0.3390625 0.19259259259259265 0.3390625 0.23796296296296307 0.36666666666666664 0.23796296296296307
1 0.509375 0.4962962962962965 0.49375 0.4962962962962965 0.49375 0.5351851851851854 0.509375 0.5351851851851854
1 0.4901041666666667 0.38796296296296306 0.47708333333333336 0.38796296296296306 0.47708333333333336 0.4250000000000001 0.4901041666666667 0.4250000000000001