1 0.49322916666666666 0.29074074074074086 0.4791666666666667 0.29074074074074086 0.4791666666666667 0.31481481481481494 0.49322916666666666 0.31481481481481494
1 0.45677083333333335 0.35648148148148157 0.44375 0.35648148148148157 0.44375 0.38611111111111124 0.45677083333333335 0.38611111111111124
1 0.47552083333333334 0.5787037037037037 0.4625 0.5787037037037037 0.4625 0.6018518518518519 0.47552083333333334 0.6018518518518519
1 0.49895833333333334 0.5555555555555558 0.48854166666666665 0.5555555555555558 0.48854166666666665 0.5768518518518521 0.49895833333333334 0.5768518518518521
1 0.525 0.5694444444444446 0.5166666666666667 0.5694444444444446 0.5166666666666667 0.5851851851851854 0.525 0.5851851851851854
1 0.53125 0.551851851851852 0.5229166666666667 0.551851851851852 0.5229166666666667 0.5703703703703705 0.53125 0.5703703703703705
1 0.5661458333333333 0.5194444444444447 0.5541666666666667 0.5194444444444447 0.5541666666666667 0.5379629629629632 0.5661458333333333 0.5379629629629632
1 0.5161458333333333 0.6851851851851853 0.49947916666666664 0.6851851851851853 0.49947916666666664 0.7129629629629631 0.5161458333333333 0.7129629629629631
1 0.47604166666666664 0.6064814814814815 0.465625 0.6064814814814815 0.465625 0.6277777777777778 0.47604166666666664 0.6277777777777778
1 0.49635416666666665 0.5953703703703705 0.4864583333333333 0.5953703703703705 0.4864583333333333 0.6194444444444447 0.49635416666666665 0.6194444444444447
1 0.46875 0.6055555555555555 0.4588541666666667 0.6055555555555555 0.4588541666666667 0.6268518518518519 0.46875 0.6268518518518519
1 0.48802083333333335 0.5935185185185187 0.4791666666666667 0.5935185185185186 0.4791666666666667 0.612962962962963 0.48802083333333335 0.6129629629629632
1 0.35208333333333336 0.725 0.3411458333333333 0.725 0.3411458333333333 0.7490740740740741 0.35208333333333336 0.7490740740740741
1 0.34010416666666665 0.725925925925926 0.3307291666666667 0.725925925925926 0.3307291666666667 0.7490740740740741 0.34010416666666665 0.7490740740740741
1 0.34791666666666665 0.7333333333333333 0.3338541666666667 0.7333333333333333 0.3338541666666667 0.7583333333333333 0.34791666666666665 0.7583333333333333
1 0.31875 0.6583333333333333 0.3078125 0.6583333333333333 0.3078125 0.6805555555555556 0.31875 0.6805555555555556
1 0.3255208333333333 0.637962962962963 0.31145833333333334 0.637962962962963 0.31145833333333334 0.6601851851851852 0.3255208333333333 0.6601851851851852
1 0.32864583333333336 0.6703703703703704 0.31875 0.6703703703703704 0.31875 0.6962962962962963 0.32864583333333336 0.6962962962962963
1 0.28854166666666664 0.7388888888888889 0.27760416666666665 0.7388888888888889 0.27760416666666665 0.7620370370370371 0.28854166666666664 0.7620370370370371
1 0.6421875 0.43055555555555564 0.6270833333333333 0.43055555555555564 0.6270833333333333 0.4564814814814816 0.6421875 0.4564814814814816
1 0.6401041666666667 0.44351851851851865 0.6255208333333333 0.44351851851851865 0.6255208333333333 0.4722222222222223 0.6401041666666667 0.4722222222222223
1 0.6338541666666667 0.8657407407407409 0.6192708333333333 0.8657407407407409 0.6192708333333333 0.8935185185185187 0.6338541666666667 0.8935185185185187
1 0.6182291666666667 0.8592592592592595 0.6052083333333333 0.8592592592592595 0.6052083333333333 0.8898148148148151 0.6182291666666667 0.8898148148148151
1 0.6083333333333333 0.8444444444444447 0.5984375 0.8444444444444447 0.5984375 0.8694444444444447 0.6083333333333333 0.8694444444444447
1 0.6770833333333334 0.7009259259259262 0.6651041666666667 0.7009259259259262 0.6651041666666667 0.7268518518518521 0.6770833333333334 0.7268518518518521
1 0.7119791666666667 0.577777777777778 0.6973958333333333 0.577777777777778 0.6973958333333333 0.6064814814814817 0.7119791666666667 0.6064814814814817