1 0.5651041666666666 0.5833333333333336 0.5453125 0.5833333333333336 0.5453125 0.6268518518518521 0.5651041666666666 0.6268518518518521
1 0.6338541666666667 0.5203703703703706 0.615625 0.5203703703703706 0.615625 0.5611111111111113 0.6338541666666667 0.5611111111111113
1 0.6604166666666667 0.5972222222222224 0.6411458333333333 0.5972222222222224 0.6411458333333333 0.6398148148148151 0.6604166666666667 0.6398148148148151
1 0.7026041666666667 0.5685185185185188 0.6828125 0.5685185185185188 0.6828125 0.6120370370370373 0.7026041666666667 0.6120370370370373
1 0.7182291666666667 0.603703703703704 0.6979166666666666 0.603703703703704 0.6979166666666666 0.6472222222222225 0.7182291666666667 0.6472222222222225
1 0.7989583333333333 0.389814814814815 0.7828125 0.389814814814815 0.7828125 0.42592592592592615 0.7989583333333333 0.42592592592592615
1 0.8177083333333334 0.45185185185185206 0.8 0.45185185185185206 0.8 0.4787037037037039 0.8177083333333334 0.4787037037037039
1 0.5104166666666666 0.5203703703703706 0.503125 0.5203703703703706 0.503125 0.5500000000000002 0.5104166666666666 0.5500000000000002
1 0.521875 0.5259259259259261 0.5088541666666667 0.5259259259259261 0.5088541666666667 0.5666666666666669 0.521875 0.5666666666666669
1 0.5276041666666667 0.3537037037037038 0.5125 0.3537037037037038 0.5125 0.388888888888889 0.5276041666666667 0.388888888888889
1 0.5463541666666667 0.8601851851851854 0.5239583333333334 0.8601851851851854 0.5239583333333334 0.9101851851851854 0.5463541666666667 0.9101851851851854
1 0.5494791666666666 0.7657407407407409 0.5265625 0.7657407407407409 0.5265625 0.8111111111111113 0.5494791666666666 0.8111111111111113
1 0.5072916666666667 0.7685185185185187 0.49114583333333334 0.7685185185185187 0.49114583333333334 0.8101851851851853 0.5072916666666667 0.8101851851851853
1 0.5921875 0.7833333333333335 0.5765625 0.7833333333333335 0.5765625 0.8175925925925928 0.5921875 0.8175925925925928
1 0.61875 0.7935185185185187 0.6 0.7935185185185187 0.6 0.8370370370370372 0.61875 0.8370370370370372
1 0.6484375 0.8481481481481483 0.6291666666666667 0.8481481481481483 0.6291666666666667 0.8861111111111113 0.6484375 0.8861111111111113
1 0.6921875 0.8472222222222224 0.6744791666666666 0.8472222222222224 0.6744791666666666 0.8898148148148151 0.6921875 0.8898148148148151
1 0.7265625 0.9111111111111113 0.7067708333333333 0.9111111111111113 0.7067708333333333 0.9527777777777777 0.7265625 0.9527777777777777
1 0.8239583333333333 0.7962962962962965 0.8041666666666667 0.7962962962962965 0.8041666666666667 0.8305555555555557 0.8239583333333333 0.8305555555555557
1 0.7640625 0.289814814814815 0.7458333333333333 0.289814814814815 0.7458333333333333 0.3212962962962965 0.7640625 0.3212962962962965