1 0.3958333333333333 0.4629629629629631 0.38229166666666664 0.4629629629629631 0.38229166666666664 0.487962962962963 0.3958333333333333 0.487962962962963
1 0.4359375 0.4000000000000001 0.4192708333333333 0.4000000000000001 0.4192708333333333 0.4231481481481483 0.4359375 0.4231481481481483
1 0.5572916666666666 0.43333333333333346 0.5442708333333334 0.43333333333333346 0.5442708333333334 0.4564814814814816 0.5572916666666666 0.4564814814814816
1 0.5432291666666667 0.47962962962962985 0.53125 0.47962962962962985 0.53125 0.49814814814814834 0.5432291666666667 0.49814814814814834
1 0.5479166666666667 0.5296296296296299 0.5390625 0.5296296296296299 0.5390625 0.5444444444444446 0.5479166666666667 0.5444444444444446
1 0.5395833333333333 0.540740740740741 0.5291666666666667 0.540740740740741 0.5291666666666667 0.5555555555555558 0.5395833333333333 0.5555555555555558
1 0.5213541666666667 0.5962962962962965 0.5109375 0.5962962962962965 0.5109375 0.6175925925925928 0.5213541666666667 0.6175925925925928
1 0.6197916666666666 0.4990740740740743 0.6041666666666666 0.4990740740740743 0.6041666666666666 0.5287037037037039 0.6197916666666666 0.5287037037037039
1 0.571875 0.438888888888889 0.5598958333333334 0.438888888888889 0.5598958333333334 0.45740740740740754 0.571875 0.45740740740740754
1 0.5671875 0.47592592592592614 0.5536458333333333 0.47592592592592614 0.5536458333333333 0.49351851851851875 0.5671875 0.49351851851851875
1 0.5713541666666667 0.426851851851852 0.559375 0.426851851851852 0.559375 0.44444444444444453 0.5713541666666667 0.44444444444444453
1 0.5635416666666667 0.4629629629629631 0.5526041666666667 0.4629629629629631 0.5526041666666667 0.4787037037037039 0.5635416666666667 0.4787037037037039
1 0.6401041666666667 0.21759259259259275 0.6265625 0.21759259259259275 0.6265625 0.23703703703703713 0.6401041666666667 0.23703703703703713
1 0.6401041666666667 0.19907407407407424 0.6270833333333333 0.19907407407407424 0.6270833333333333 0.2157407407407409 0.6401041666666667 0.2157407407407409
1 0.6453125 0.2046296296296298 0.63125 0.2046296296296298 0.63125 0.2296296296296298 0.6453125 0.2296296296296298
1 0.6015625 0.15833333333333344 0.5890625 0.15833333333333344 0.5890625 0.1777777777777779 0.6015625 0.1777777777777779
1 0.5901041666666667 0.16481481481481491 0.5776041666666667 0.16481481481481491 0.5776041666666667 0.1898148148148149 0.5901041666666667 0.1898148148148149
1 0.6104166666666667 0.1777777777777779 0.5958333333333333 0.1777777777777779 0.5958333333333333 0.1953703703703705 0.6104166666666667 0.19537037037037053
1 0.6473958333333333 0.10462962962962977 0.634375 0.10462962962962977 0.634375 0.12407407407407423 0.6473958333333333 0.12407407407407423
1 0.47552083333333334 0.725925925925926 0.4609375 0.725925925925926 0.4609375 0.7527777777777778 0.47552083333333334 0.7527777777777778
1 0.484375 0.7231481481481482 0.46822916666666664 0.7231481481481481 0.46822916666666664 0.7490740740740742 0.484375 0.7490740740740743
1 0.7213541666666666 0.7120370370370372 0.7057291666666666 0.7120370370370372 0.7057291666666666 0.7379629629629632 0.7213541666666666 0.7379629629629632
1 0.7192708333333333 0.6870370370370372 0.7020833333333333 0.6870370370370372 0.7020833333333333 0.7101851851851854 0.7192708333333333 0.7101851851851854
1 0.7078125 0.6750000000000002 0.69375 0.6750000000000002 0.69375 0.6925925925925928 0.7078125 0.6925925925925928
1 0.6276041666666666 0.7935185185185187 0.6130208333333333 0.7935185185185187 0.6130208333333333 0.814814814814815 0.6276041666666666 0.814814814814815
1 0.5598958333333334 0.8509259259259261 0.54375 0.8509259259259261 0.54375 0.8768518518518521 0.5598958333333334 0.8768518518518521