1 0.4354166666666667 9.405967776784532e-17 0.42864583333333334 9.332262182391405e-17 0.42864583333333334 0.004629629629629724 0.4354166666666667 0.004629629629629725
1 0.40520833333333334 0.0722222222222223 0.39895833333333336 0.0722222222222223 0.39895833333333336 0.0796296296296297 0.40520833333333334 0.0796296296296297
1 0.39479166666666665 0.042592592592592675 0.3890625 0.042592592592592675 0.3890625 0.050000000000000086 0.39479166666666665 0.05000000000000009
1 0.3963541666666667 0.022222222222222306 0.39114583333333336 0.022222222222222306 0.39114583333333336 0.03055555555555564 0.3963541666666667 0.030555555555555648
1 0.39166666666666666 0.002777777777777863 0.3875 0.0027777777777778625 0.3875 0.01296296296296305 0.39166666666666666 0.01296296296296305
1 0.39010416666666664 0.01296296296296305 0.3854166666666667 0.01296296296296305 0.3854166666666667 0.023148148148148234 0.39010416666666664 0.023148148148148234
1 0.3885416666666667 0.01944444444444453 0.38385416666666666 0.01944444444444453 0.38385416666666666 0.027777777777777863 0.3885416666666667 0.027777777777777863
1 0.3848958333333333 8.328732166423434e-17 0.3802083333333333 8.277705216458962e-17 0.3802083333333333 0.007407407407407489 0.3848958333333333 0.007407407407407489
1 0.3859375 0.005555555555555639 0.38125 0.005555555555555638 0.38125 0.01203703703703712 0.3859375 0.012037037037037122
1 0.3697916666666667 0.025000000000000078 0.3645833333333333 0.025000000000000078 0.3645833333333333 0.035185185185185264 0.3697916666666667 0.035185185185185264
1 0.3463541666666667 0.08055555555555563 0.33958333333333335 0.08055555555555563 0.33958333333333335 0.08888888888888896 0.3463541666666667 0.08888888888888896
1 0.3453125 0.08796296296296305 0.340625 0.08796296296296305 0.340625 0.09629629629629638 0.3453125 0.09629629629629638