1 0.4859375000000001 0.8555555555555556 0.475 0.8555555555555555 0.47500000000000003 0.8796296296296298 0.48593750000000013 0.8796296296296299
1 0.4901041666666668 0.888888888888889 0.4822916666666668 0.8888888888888888 0.4822916666666668 0.9055555555555557 0.4901041666666668 0.9055555555555558
1 0.49427083333333344 0.9000000000000002 0.4854166666666668 0.9000000000000002 0.4854166666666668 0.9175925925925928 0.49427083333333344 0.9175925925925928
1 0.5000000000000001 0.852777777777778 0.49270833333333336 0.852777777777778 0.4927083333333334 0.8675925925925928 0.5000000000000001 0.8675925925925928
1 0.5218750000000001 0.8462962962962965 0.5125 0.8462962962962965 0.5125000000000001 0.864814814814815 0.5218750000000001 0.864814814814815
1 0.5864583333333333 0.7925925925925928 0.5765625 0.7925925925925928 0.5765625 0.815740740740741 0.5864583333333333 0.815740740740741
1 0.6026041666666667 0.7935185185185187 0.5979166666666667 0.7935185185185187 0.5979166666666667 0.8055555555555558 0.6026041666666667 0.8055555555555558
1 0.6088541666666667 0.777777777777778 0.6020833333333333 0.777777777777778 0.6020833333333333 0.7879629629629632 0.6088541666666667 0.7879629629629632
1 0.6229166666666667 0.7740740740740742 0.6140625 0.7740740740740742 0.6140625 0.7898148148148151 0.6229166666666667 0.7898148148148151
1 0.5088541666666667 0.714814814814815 0.49895833333333334 0.714814814814815 0.49895833333333334 0.7351851851851854 0.5088541666666667 0.7351851851851854
1 0.43437500000000007 0.8435185185185186 0.4234375 0.8435185185185186 0.4234375000000001 0.8629629629629629 0.4343750000000001 0.8629629629629629
1 0.41614583333333344 0.9009259259259259 0.4072916666666668 0.9009259259259259 0.4072916666666668 0.9231481481481482 0.41614583333333344 0.9231481481481482
1 0.4250000000000001 0.9074074074074074 0.4135416666666668 0.9074074074074074 0.4135416666666668 0.925 0.4250000000000001 0.925
1 0.303125 0.837037037037037 0.2942708333333333 0.837037037037037 0.2942708333333333 0.8574074074074074 0.303125 0.8574074074074074
1 0.3098958333333334 0.8759259259259259 0.3026041666666668 0.8759259259259259 0.3026041666666668 0.8916666666666667 0.3098958333333334 0.8916666666666667
1 0.31666666666666676 0.9083333333333333 0.30833333333333346 0.9083333333333333 0.30833333333333346 0.9222222222222223 0.31666666666666676 0.9222222222222223
1 0.40260416666666665 0.5611111111111111 0.39375 0.5611111111111111 0.39375 0.5777777777777777 0.40260416666666665 0.5777777777777777
1 0.7 0.7518518518518521 0.6932291666666667 0.7518518518518521 0.6932291666666667 0.7657407407407409 0.7 0.7657407407407409
1 0.6932291666666667 0.6509259259259261 0.6854166666666667 0.6509259259259261 0.6854166666666667 0.665740740740741 0.6932291666666667 0.665740740740741
1 0.6953125 0.6824074074074076 0.6880208333333333 0.6824074074074076 0.6880208333333333 0.6962962962962965 0.6953125 0.6962962962962965
1 0.6822916666666666 0.6648148148148151 0.6755208333333333 0.6648148148148151 0.6755208333333333 0.6796296296296298 0.6822916666666666 0.6796296296296298
1 0.7276041666666667 0.6324074074074076 0.7192708333333333 0.6324074074074076 0.7192708333333333 0.6481481481481484 0.7276041666666667 0.6481481481481484
1 0.7171875 0.6472222222222225 0.7088541666666667 0.6472222222222225 0.7088541666666667 0.6601851851851854 0.7171875 0.6601851851851854
1 0.7385416666666667 0.7490740740740743 0.73125 0.7490740740740743 0.73125 0.7629629629629632 0.7385416666666667 0.7629629629629632
1 0.7348958333333333 0.714814814814815 0.7276041666666667 0.714814814814815 0.7276041666666667 0.7268518518518521 0.7348958333333333 0.7268518518518521
1 0.7890625 0.7712962962962965 0.7833333333333333 0.7712962962962965 0.7833333333333333 0.7861111111111113 0.7890625 0.7861111111111113
1 0.7578125 0.7944444444444446 0.7494791666666667 0.7944444444444446 0.7494791666666667 0.8064814814814817 0.7578125 0.8064814814814817
1 0.7973958333333333 0.6435185185185187 0.7895833333333333 0.6435185185185187 0.7895833333333333 0.6592592592592594 0.7973958333333333 0.6592592592592594
1 0.8135416666666667 0.5972222222222224 0.8072916666666666 0.5972222222222224 0.8072916666666666 0.6101851851851854 0.8135416666666667 0.6101851851851854
1 0.8348958333333333 0.665740740740741 0.8296875 0.665740740740741 0.8296875 0.6759259259259262 0.8348958333333333 0.6759259259259262
1 0.84375 0.8203703703703705 0.8369791666666667 0.8203703703703705 0.8369791666666667 0.8333333333333336 0.84375 0.8333333333333336
1 0.7828125 0.8092592592592595 0.7765625 0.8092592592592595 0.7765625 0.8203703703703705 0.7828125 0.8203703703703705
1 0.8359375 0.6166666666666669 0.8307291666666666 0.6166666666666669 0.8307291666666666 0.627777777777778 0.8359375 0.627777777777778
1 0.7458333333333333 0.6194444444444447 0.7395833333333334 0.6194444444444447 0.7395833333333334 0.6296296296296299 0.7458333333333333 0.6296296296296299
1 0.6744791666666666 0.7009259259259262 0.6692708333333334 0.7009259259259262 0.6692708333333334 0.7120370370370372 0.6744791666666666 0.7120370370370372
1 0.8520833333333333 0.7222222222222224 0.8458333333333333 0.7222222222222224 0.8458333333333333 0.7333333333333335 0.8520833333333333 0.7333333333333335