1 0.6447916666666667 0.502777777777778 0.625 0.502777777777778 0.625 0.5314814814814817 0.6447916666666667 0.5314814814814817
1 0.6411458333333333 0.5416666666666669 0.6255208333333333 0.5416666666666669 0.6255208333333333 0.5666666666666669 0.6411458333333333 0.5666666666666669
1 0.32447916666666665 0.2583333333333334 0.3104166666666667 0.2583333333333334 0.3104166666666667 0.2814814814814816 0.32447916666666665 0.2814814814814816
1 0.3072916666666667 0.25740740740740753 0.2942708333333333 0.25740740740740753 0.2942708333333333 0.2861111111111112 0.3072916666666667 0.2861111111111112
1 0.2984375 0.23888888888888898 0.2828125 0.23888888888888898 0.2828125 0.2750000000000001 0.2984375 0.2750000000000001
1 0.3494791666666667 0.6944444444444444 0.3359375 0.6944444444444444 0.3359375 0.7222222222222222 0.3494791666666667 0.7222222222222222
1 0.39947916666666666 0.5648148148148148 0.38697916666666665 0.5648148148148148 0.38697916666666665 0.5861111111111111 0.39947916666666666 0.5861111111111111
1 0.43854166666666666 0.27685185185185196 0.42552083333333335 0.27685185185185196 0.42552083333333335 0.30277777777777787 0.43854166666666666 0.30277777777777787
1 0.45677083333333335 0.28703703703703715 0.44114583333333335 0.28703703703703715 0.44114583333333335 0.31296296296296305 0.45677083333333335 0.31296296296296305
1 0.33177083333333335 0.14907407407407414 0.31614583333333335 0.14907407407407414 0.31614583333333335 0.17407407407407413 0.33177083333333335 0.17407407407407413
1 0.33489583333333334 0.17407407407407413 0.32083333333333336 0.17407407407407413 0.32083333333333336 0.19907407407407413 0.33489583333333334 0.19907407407407413
1 0.3234375 0.16759259259259265 0.30885416666666665 0.16759259259259265 0.30885416666666665 0.19629629629629636 0.3234375 0.19629629629629636
1 0.33541666666666664 0.2018518518518519 0.3203125 0.2018518518518519 0.3203125 0.22777777777777783 0.33541666666666664 0.22777777777777783
1 0.27239583333333334 0.11203703703703709 0.25677083333333334 0.11203703703703709 0.25677083333333334 0.13611111111111115 0.27239583333333334 0.13611111111111115
1 0.2890625 0.11851851851851856 0.27395833333333336 0.11851851851851856 0.27395833333333336 0.1444444444444445 0.2890625 0.1444444444444445
1 0.4307291666666668 0.9342592592592592 0.41822916666666676 0.9342592592592592 0.41822916666666676 0.9657407407407408 0.4307291666666668 0.9657407407407408
1 0.40677083333333347 0.8796296296296297 0.39427083333333346 0.8796296296296297 0.39427083333333346 0.9009259259259259 0.40677083333333347 0.9009259259259259
1 0.4114583333333334 0.8703703703703703 0.3994791666666668 0.8703703703703703 0.3994791666666668 0.8916666666666667 0.4114583333333334 0.8916666666666667
1 0.559375 0.33055555555555566 0.5458333333333333 0.33055555555555566 0.5458333333333333 0.35462962962962974 0.559375 0.35462962962962974
1 0.24635416666666668 0.09907407407407412 0.228125 0.09907407407407412 0.228125 0.12962962962962968 0.24635416666666668 0.12962962962962968