1 0.5583333333333333 0.6675925925925928 0.5427083333333333 0.6675925925925928 0.5427083333333333 0.6972222222222224 0.5583333333333333 0.6972222222222224
1 0.5171875 0.5990740740740743 0.503125 0.5990740740740743 0.503125 0.6287037037037039 0.5171875 0.6287037037037039
1 0.5052083333333334 0.5935185185185188 0.4875 0.5935185185185188 0.4875 0.6268518518518521 0.5052083333333334 0.6268518518518521
1 0.42916666666666664 0.737037037037037 0.4078125 0.737037037037037 0.4078125 0.775 0.42916666666666664 0.775
1 0.43645833333333334 0.6972222222222222 0.4203125 0.6972222222222222 0.4203125 0.7361111111111112 0.43645833333333334 0.7361111111111112
1 0.40625 0.7620370370370371 0.39114583333333336 0.7620370370370371 0.39114583333333336 0.7944444444444444 0.40625 0.7944444444444444
1 0.44114583333333335 0.8018518518518518 0.4239583333333333 0.8018518518518518 0.4239583333333333 0.8351851851851851 0.44114583333333335 0.8351851851851851
1 0.43229166666666674 0.8231481481481482 0.4125 0.8231481481481482 0.41250000000000003 0.8657407407407407 0.4322916666666668 0.8657407407407407
1 0.42291666666666666 0.7583333333333333 0.40520833333333334 0.7583333333333333 0.40520833333333334 0.7925925925925926 0.42291666666666666 0.7925925925925926
1 0.6885416666666667 0.7740740740740742 0.6755208333333333 0.7740740740740742 0.6755208333333333 0.7962962962962965 0.6885416666666667 0.7962962962962965
1 0.675 0.7685185185185187 0.665625 0.7685185185185187 0.665625 0.7925925925925928 0.675 0.7925925925925928
1 0.5927083333333333 0.31296296296296305 0.578125 0.31296296296296305 0.578125 0.34074074074074084 0.5927083333333333 0.34074074074074084
1 0.3963541666666667 0.22962962962962974 0.378125 0.22962962962962974 0.378125 0.2666666666666668 0.3963541666666667 0.2666666666666668
1 0.2671875 0.14259259259259263 0.25364583333333335 0.14259259259259263 0.25364583333333335 0.17129629629629634 0.2671875 0.17129629629629634
1 0.2838541666666667 0.15833333333333338 0.26458333333333334 0.15833333333333338 0.26458333333333334 0.18796296296296303 0.2838541666666667 0.18796296296296303
1 0.5057291666666667 0.25185185185185194 0.49166666666666664 0.25185185185185194 0.49166666666666664 0.2740740740740742 0.5057291666666667 0.2740740740740742
1 0.35052083333333345 0.9092592592592592 0.33177083333333346 0.9092592592592592 0.33177083333333346 0.9444444444444444 0.35052083333333345 0.9444444444444444
1 0.4635416666666667 0.8018518518518518 0.440625 0.8018518518518518 0.440625 0.8472222222222222 0.4635416666666667 0.8472222222222222
1 0.6677083333333333 0.3953703703703705 0.6557291666666667 0.3953703703703705 0.6557291666666667 0.4148148148148149 0.6677083333333333 0.4148148148148149
1 0.6583333333333333 0.40833333333333344 0.6479166666666667 0.40833333333333344 0.6479166666666667 0.42777777777777787 0.6583333333333333 0.42777777777777787
1 0.6765625 0.45370370370370383 0.6651041666666667 0.45370370370370383 0.6651041666666667 0.4787037037037039 0.6765625 0.4787037037037039