1 0.43125 0.7046296296296296 0.41770833333333335 0.7046296296296296 0.41770833333333335 0.7296296296296296 0.43125 0.7296296296296296
1 0.41875 0.7185185185185186 0.4041666666666667 0.7185185185185186 0.4041666666666667 0.7490740740740741 0.41875 0.7490740740740741
1 0.40572916666666664 0.7222222222222222 0.3921875 0.7222222222222222 0.3921875 0.7518518518518519 0.40572916666666664 0.7518518518518519
1 0.46875 0.8157407407407408 0.453125 0.8157407407407408 0.453125 0.8592592592592593 0.46875 0.8592592592592593
1 0.5203125000000001 0.9138888888888891 0.5041666666666668 0.9138888888888891 0.5041666666666668 0.9481481481481482 0.5203125000000001 0.9481481481481482
1 0.5489583333333333 0.8611111111111113 0.5312500000000001 0.8611111111111113 0.5312500000000001 0.8944444444444447 0.5489583333333333 0.8944444444444447
1 0.32135416666666666 0.7453703703703703 0.3078125 0.7453703703703703 0.3078125 0.7777777777777778 0.32135416666666666 0.7777777777777778
1 0.3125 0.7388888888888889 0.2994791666666667 0.7388888888888889 0.2994791666666667 0.7657407407407407 0.3125 0.7657407407407407
1 0.4557291666666667 0.4351851851851853 0.4375 0.4351851851851853 0.4375 0.48055555555555557 0.4557291666666667 0.48055555555555557
1 0.42604166666666665 0.40185185185185196 0.4114583333333333 0.40185185185185196 0.4114583333333333 0.43425925925925934 0.42604166666666665 0.43425925925925934
1 0.48125 0.3361111111111112 0.4671875 0.3361111111111112 0.4671875 0.3592592592592594 0.48125 0.3592592592592594
1 0.44114583333333335 0.4111111111111112 0.42135416666666664 0.4111111111111112 0.42135416666666664 0.45555555555555566 0.44114583333333335 0.45555555555555566
1 0.28020833333333334 0.4361111111111112 0.26562500000000006 0.4361111111111112 0.26562500000000006 0.4703703703703705 0.28020833333333334 0.4703703703703705
1 0.2859375 0.46203703703703713 0.2708333333333333 0.46203703703703713 0.2708333333333333 0.48703703703703705 0.2859375 0.48703703703703705
1 0.30104166666666665 0.263888888888889 0.2875 0.263888888888889 0.2875 0.29444444444444456 0.30104166666666665 0.29444444444444456
1 0.22500000000000006 0.4759259259259259 0.21093750000000006 0.4759259259259259 0.21093750000000006 0.5055555555555555 0.22500000000000006 0.5055555555555555
1 0.2177083333333334 0.46296296296296297 0.2083333333333334 0.46296296296296297 0.2083333333333334 0.4842592592592593 0.2177083333333334 0.4842592592592593
1 0.1802083333333334 0.46296296296296297 0.1666666666666667 0.46296296296296297 0.1666666666666667 0.4935185185185185 0.1802083333333334 0.4935185185185185
1 0.2302083333333334 0.675 0.21562500000000007 0.675 0.21562500000000007 0.7175925925925926 0.2302083333333334 0.7175925925925926
1 0.7203125 0.5361111111111113 0.7083333333333334 0.5361111111111113 0.7083333333333334 0.5703703703703705 0.7203125 0.5703703703703705
1 0.7333333333333333 0.5490740740740743 0.7171875 0.5490740740740743 0.7171875 0.5750000000000002 0.7333333333333333 0.5750000000000002
1 0.6713541666666667 0.09814814814814829 0.6515625 0.09814814814814828 0.6515625 0.13981481481481497 0.6713541666666667 0.13981481481481497
1 0.5213541666666667 0.16851851851851862 0.5020833333333333 0.16851851851851862 0.5020833333333333 0.20925925925925937 0.5213541666666667 0.20925925925925937
1 0.04166666666666671 0.7138888888888889 0.02916666666666672 0.7138888888888889 0.02916666666666672 0.7453703703703703 0.04166666666666671 0.7453703703703703
1 0.01979166666666671 0.5953703703703703 0.009375000000000041 0.5953703703703703 0.009375000000000043 0.6231481481481481 0.01979166666666671 0.6231481481481481
1 0.11145833333333337 0.5796296296296296 0.09739583333333336 0.5796296296296296 0.09739583333333336 0.6037037037037037 0.11145833333333337 0.6037037037037037