1 0.10416666666666673 0.7703703703703704 0.10052083333333339 0.7703703703703704 0.10052083333333339 0.7777777777777778 0.10416666666666673 0.7777777777777778
1 0.10989583333333339 0.7703703703703704 0.10520833333333339 0.7703703703703704 0.10520833333333339 0.7787037037037037 0.10989583333333339 0.7787037037037037
1 0.0989583333333334 0.7324074074074074 0.09427083333333339 0.7324074074074074 0.09427083333333339 0.7407407407407407 0.0989583333333334 0.7407407407407407
1 0.05729166666666671 0.6833333333333333 0.05416666666666671 0.6833333333333333 0.05416666666666671 0.6944444444444444 0.05729166666666671 0.6944444444444444
1 0.05520833333333338 0.6824074074074075 0.050000000000000044 0.6824074074074075 0.050000000000000044 0.6935185185185185 0.05520833333333338 0.6935185185185185
1 0.16979166666666673 0.7083333333333334 0.16510416666666672 0.7083333333333334 0.16510416666666672 0.7175925925925926 0.16979166666666673 0.7175925925925926
1 0.1677083333333334 0.625 0.1614583333333334 0.625 0.1614583333333334 0.6342592592592593 0.1677083333333334 0.6342592592592593
1 0.1822916666666667 0.7027777777777777 0.17604166666666674 0.7027777777777777 0.17604166666666674 0.7092592592592593 0.1822916666666667 0.7092592592592593
1 0.1802083333333334 0.7185185185185186 0.17656250000000007 0.7185185185185186 0.17656250000000007 0.725925925925926 0.1802083333333334 0.725925925925926
1 0.17656250000000007 0.7148148148148148 0.17187500000000006 0.7148148148148148 0.17187500000000006 0.7240740740740741 0.17656250000000007 0.7240740740740741
1 0.16979166666666673 0.7240740740740741 0.1645833333333334 0.7240740740740741 0.1645833333333334 0.7305555555555555 0.16979166666666673 0.7305555555555555
1 0.16510416666666672 0.7231481481481481 0.16197916666666673 0.7231481481481481 0.16197916666666673 0.7305555555555555 0.16510416666666672 0.7305555555555555
1 0.17135416666666672 0.7203703703703703 0.1677083333333334 0.7203703703703703 0.1677083333333334 0.7277777777777777 0.17135416666666672 0.7277777777777777
1 0.19375000000000006 0.7046296296296296 0.18854166666666672 0.7046296296296296 0.18854166666666672 0.712037037037037 0.19375000000000006 0.712037037037037
1 0.19687500000000005 0.7 0.19166666666666674 0.7 0.19166666666666674 0.7064814814814815 0.19687500000000005 0.7064814814814815
1 0.22031250000000005 0.7962962962962963 0.21510416666666674 0.7962962962962963 0.21510416666666674 0.8064814814814815 0.22031250000000005 0.8064814814814815
1 0.22447916666666673 0.7981481481481482 0.2192708333333334 0.7981481481481482 0.2192708333333334 0.8083333333333333 0.22447916666666673 0.8083333333333333
1 0.0755208333333334 0.7833333333333333 0.06875000000000006 0.7833333333333333 0.06875000000000006 0.7935185185185185 0.0755208333333334 0.7935185185185185
1 0.07916666666666669 0.5907407407407408 0.07500000000000002 0.5907407407407408 0.07500000000000002 0.5981481481481481 0.07916666666666669 0.5981481481481481
1 0.07916666666666669 0.5342592592592592 0.07500000000000002 0.5342592592592592 0.07500000000000002 0.5462962962962963 0.07916666666666669 0.5462962962962963
1 0.02500000000000004 0.5879629629629629 0.020312500000000035 0.5879629629629629 0.020312500000000042 0.5981481481481481 0.025000000000000043 0.5981481481481481
1 0.01718750000000004 0.5842592592592593 0.011979166666666707 0.5842592592592593 0.011979166666666707 0.5935185185185186 0.017187500000000043 0.5935185185185186
1 0.09635416666666673 0.7444444444444445 0.08958333333333339 0.7444444444444445 0.08958333333333339 0.7537037037037037 0.09635416666666673 0.7537037037037037
1 0.09947916666666673 0.7527777777777778 0.09427083333333339 0.7527777777777778 0.09427083333333339 0.7611111111111111 0.09947916666666673 0.7611111111111111