1 0.38125 0.3962962962962964 0.35833333333333334 0.3962962962962964 0.35833333333333334 0.42037037037037045 0.38125 0.42037037037037045
1 0.3026041666666667 0.6296296296296297 0.2864583333333333 0.6296296296296297 0.2864583333333333 0.6472222222222223 0.3026041666666667 0.6472222222222223
1 0.30052083333333335 0.6851851851851852 0.2869791666666667 0.6851851851851852 0.2869791666666667 0.7074074074074074 0.30052083333333335 0.7074074074074074
1 0.31666666666666665 0.6990740740740741 0.30416666666666664 0.6990740740740741 0.30416666666666664 0.7166666666666667 0.31666666666666665 0.7166666666666667
1 0.31875 0.7361111111111112 0.3046875 0.7361111111111112 0.3046875 0.762962962962963 0.31875 0.762962962962963
1 0.33697916666666666 0.6351851851851852 0.3229166666666667 0.6351851851851852 0.3229166666666667 0.6555555555555556 0.33697916666666666 0.6555555555555556
1 0.25364583333333335 0.4231481481481482 0.23854166666666668 0.42314814814814816 0.2385416666666667 0.45000000000000007 0.2536458333333334 0.4500000000000001
1 0.2520833333333333 0.36296296296296304 0.23697916666666666 0.362962962962963 0.23697916666666666 0.38888888888888895 0.2520833333333333 0.388888888888889
1 0.24791666666666667 0.31574074074074077 0.2296875 0.31574074074074077 0.2296875 0.34259259259259267 0.24791666666666667 0.34259259259259267
1 0.2890625 0.26296296296296306 0.2734375 0.26296296296296306 0.2734375 0.2824074074074075 0.2890625 0.2824074074074075
1 0.2791666666666667 0.20648148148148154 0.26197916666666665 0.20648148148148154 0.26197916666666665 0.23240740740740745 0.2791666666666667 0.23240740740740745
1 0.26197916666666665 0.16018518518518524 0.24375 0.16018518518518524 0.24375 0.18703703703703708 0.26197916666666665 0.18703703703703708
1 0.5291666666666667 0.08240740740740751 0.5177083333333333 0.08240740740740751 0.5177083333333333 0.10277777777777788 0.5291666666666667 0.10277777777777788
1 0.4348958333333334 0.9851851851851852 0.4250000000000001 0.9851851851851852 0.4250000000000001 0.9981481481481481 0.4348958333333334 0.9981481481481481
1 0.5041666666666668 0.9361111111111113 0.4947916666666668 0.9361111111111113 0.4947916666666668 0.95 0.5041666666666668 0.95
1 0.5140625000000001 0.902777777777778 0.5067708333333335 0.902777777777778 0.5067708333333335 0.9111111111111113 0.5140625000000001 0.9111111111111113
1 0.41458333333333347 0.8888888888888888 0.40520833333333345 0.8888888888888888 0.40520833333333345 0.9027777777777778 0.41458333333333347 0.9027777777777778
1 0.4119791666666668 0.9305555555555556 0.4015625000000001 0.9305555555555556 0.4015625000000001 0.9453703703703704 0.4119791666666668 0.9453703703703704
1 0.42395833333333344 0.9657407407407408 0.41302083333333345 0.9657407407407408 0.41302083333333345 0.9833333333333333 0.42395833333333344 0.9833333333333333
1 0.3963541666666668 0.9685185185185186 0.38489583333333344 0.9685185185185186 0.38489583333333344 0.9842592592592593 0.3963541666666668 0.9842592592592593
1 0.37916666666666676 0.9092592592592592 0.3697916666666668 0.9092592592592592 0.3697916666666668 0.9231481481481482 0.37916666666666676 0.9231481481481482
1 0.3312500000000001 0.9712962962962963 0.31927083333333345 0.9712962962962963 0.31927083333333345 0.987037037037037 0.3312500000000001 0.987037037037037