1 0.6536458333333334 0.6629629629629632 0.6354166666666666 0.6629629629629632 0.6354166666666666 0.6953703703703705 0.6536458333333334 0.6953703703703705
1 0.5984375 0.7046296296296298 0.5817708333333333 0.7046296296296298 0.5817708333333333 0.728703703703704 0.5984375 0.728703703703704
1 0.6067708333333334 0.7342592592592595 0.5911458333333334 0.7342592592592595 0.5911458333333334 0.7611111111111113 0.6067708333333334 0.7611111111111113
1 0.6166666666666667 0.728703703703704 0.6020833333333333 0.728703703703704 0.6020833333333333 0.7481481481481483 0.6166666666666667 0.7481481481481483
1 0.6098958333333333 0.6981481481481484 0.5979166666666667 0.6981481481481484 0.5979166666666667 0.7194444444444447 0.6098958333333333 0.7194444444444447
1 0.6140625 0.714814814814815 0.5994791666666667 0.714814814814815 0.5994791666666667 0.7370370370370373 0.6140625 0.7370370370370373
1 0.5395833333333333 0.5861111111111114 0.5255208333333333 0.5861111111111114 0.5255208333333333 0.6120370370370373 0.5395833333333333 0.6120370370370373
1 0.5182291666666666 0.7046296296296298 0.503125 0.7046296296296298 0.503125 0.728703703703704 0.5182291666666666 0.728703703703704
1 0.4520833333333334 0.8361111111111111 0.43697916666666664 0.8361111111111111 0.43697916666666675 0.8675925925925926 0.45208333333333345 0.8675925925925926
1 0.46406250000000004 0.8527777777777777 0.4510416666666667 0.8527777777777777 0.45104166666666673 0.8740740740740741 0.4640625000000001 0.8740740740740741
1 0.4973958333333333 0.4361111111111112 0.48385416666666664 0.4361111111111112 0.48385416666666664 0.45740740740740754 0.4973958333333333 0.45740740740740754
1 0.5630208333333333 0.31666666666666676 0.5505208333333333 0.31666666666666676 0.5505208333333333 0.3333333333333334 0.5630208333333333 0.3333333333333334
1 0.353125 0.3694444444444446 0.340625 0.3694444444444446 0.340625 0.3962962962962964 0.353125 0.3962962962962964
1 0.42864583333333334 0.5481481481481482 0.4171875 0.5481481481481482 0.4171875 0.5675925925925925 0.42864583333333334 0.5675925925925925
1 0.30104166666666665 0.674074074074074 0.2916666666666667 0.674074074074074 0.2916666666666667 0.6898148148148148 0.30104166666666665 0.6898148148148148
1 0.2916666666666667 0.6722222222222223 0.2833333333333333 0.6722222222222223 0.2833333333333333 0.6888888888888889 0.2916666666666667 0.6888888888888889
1 0.28802083333333334 0.6314814814814815 0.28125 0.6314814814814815 0.28125 0.6462962962962963 0.28802083333333334 0.6462962962962963
1 0.28125 0.6101851851851852 0.26927083333333335 0.6101851851851852 0.26927083333333335 0.637962962962963 0.28125 0.637962962962963