1 0.47291666666666676 0.8898148148148148 0.4500000000000001 0.8898148148148148 0.4500000000000001 0.9259259259259259 0.47291666666666676 0.9259259259259259
1 0.47083333333333344 0.9425925925925925 0.44947916666666676 0.9425925925925925 0.44947916666666676 0.9861111111111112 0.47083333333333344 0.9861111111111112
1 0.44947916666666676 0.9027777777777778 0.4270833333333334 0.9027777777777778 0.4270833333333334 0.9453703703703704 0.44947916666666676 0.9453703703703704
1 0.28541666666666665 0.700925925925926 0.2614583333333334 0.700925925925926 0.2614583333333334 0.7287037037037037 0.28541666666666665 0.7287037037037037
1 0.2598958333333334 0.7546296296296297 0.24635416666666674 0.7546296296296297 0.24635416666666674 0.7851851851851852 0.2598958333333334 0.7851851851851852
1 0.2682291666666667 0.6231481481481481 0.24843750000000006 0.6231481481481481 0.24843750000000006 0.6509259259259259 0.2682291666666667 0.6509259259259259
1 0.2677083333333333 0.5962962962962963 0.24427083333333338 0.5962962962962963 0.24427083333333338 0.6277777777777778 0.2677083333333333 0.6277777777777778
1 0.4395833333333333 0.6851851851851852 0.415625 0.6851851851851852 0.415625 0.7194444444444444 0.4395833333333333 0.7194444444444444
1 0.5208333333333334 0.7657407407407409 0.4979166666666667 0.7657407407407409 0.4979166666666667 0.7990740740740743 0.5208333333333334 0.7990740740740743
1 0.5578125 0.7629629629629632 0.5390625 0.7629629629629632 0.5390625 0.7953703703703706 0.5578125 0.7953703703703706
1 0.4875 0.6407407407407408 0.46822916666666664 0.6407407407407407 0.46822916666666664 0.6675925925925927 0.4875 0.6675925925925928
1 0.4890625 0.626851851851852 0.46979166666666666 0.6268518518518519 0.46979166666666666 0.6462962962962964 0.4890625 0.6462962962962965
1 0.49895833333333334 0.6490740740740741 0.47708333333333336 0.649074074074074 0.47708333333333336 0.6814814814814816 0.49895833333333334 0.6814814814814817
1 0.478125 0.5055555555555555 0.45677083333333335 0.5055555555555555 0.45677083333333335 0.5388888888888889 0.478125 0.5388888888888889
1 0.4609375 0.49074074074074076 0.44166666666666665 0.49074074074074076 0.44166666666666665 0.5268518518518519 0.4609375 0.5268518518518519
1 0.640625 0.3555555555555557 0.6223958333333334 0.3555555555555557 0.6223958333333334 0.3777777777777779 0.640625 0.3777777777777779
1 0.7057291666666666 0.49814814814814834 0.6895833333333333 0.49814814814814834 0.6895833333333333 0.5175925925925928 0.7057291666666666 0.5175925925925928
1 0.5973958333333333 0.4425925925925927 0.5796875 0.4425925925925927 0.5796875 0.47407407407407426 0.5973958333333333 0.47407407407407426
1 0.5869791666666667 0.3648148148148149 0.5630208333333333 0.3648148148148149 0.5630208333333333 0.39444444444444454 0.5869791666666667 0.39444444444444454
1 0.4640625 0.2527777777777779 0.4390625 0.2527777777777779 0.4390625 0.2879629629629631 0.4640625 0.2879629629629631
1 0.4817708333333333 0.1212962962962964 0.4557291666666667 0.1212962962962964 0.4557291666666667 0.15833333333333344 0.4817708333333333 0.15833333333333344
1 0.47708333333333336 0.06944444444444454 0.4515625 0.06944444444444454 0.4515625 0.10370370370370381 0.47708333333333336 0.10370370370370381
1 0.24635416666666668 0.32129629629629636 0.21875 0.3212962962962963 0.21875 0.35277777777777786 0.24635416666666668 0.35277777777777786
1 0.240625 0.35833333333333334 0.22135416666666666 0.35833333333333334 0.22135416666666666 0.37962962962962965 0.240625 0.37962962962962965
1 0.2859375 5.862429584807238e-17 0.2526041666666667 5.499571273948763e-17 0.2526041666666667 0.01111111111111117 0.2859375 0.011111111111111174