1 0.45260416666666664 0.36851851851851863 0.44114583333333335 0.36851851851851863 0.44114583333333335 0.39074074074074083 0.45260416666666664 0.39074074074074083
1 0.3692708333333333 0.43703703703703717 0.35572916666666665 0.43703703703703717 0.35572916666666665 0.4583333333333334 0.3692708333333333 0.4583333333333334
1 0.2864583333333333 0.6777777777777778 0.27708333333333335 0.6777777777777778 0.27708333333333335 0.6916666666666667 0.2864583333333333 0.6916666666666667
1 0.29583333333333334 0.6898148148148148 0.2869791666666667 0.6898148148148148 0.2869791666666667 0.7055555555555556 0.29583333333333334 0.7055555555555556
1 0.2765625 0.7398148148148148 0.2661458333333334 0.7398148148148148 0.2661458333333334 0.7574074074074074 0.2765625 0.7574074074074074
1 0.2989583333333333 0.7268518518518519 0.2911458333333333 0.7268518518518519 0.2911458333333333 0.7490740740740741 0.2989583333333333 0.7490740740740741
1 0.3098958333333333 0.7231481481481481 0.29791666666666666 0.7231481481481481 0.29791666666666666 0.7444444444444445 0.3098958333333333 0.7444444444444445
1 0.4354166666666667 0.7129629629629629 0.42291666666666666 0.7129629629629629 0.42291666666666666 0.7314814814814815 0.4354166666666667 0.7314814814814815
1 0.47395833333333337 0.85 0.4640625 0.85 0.46406250000000004 0.8703703703703703 0.4739583333333334 0.8703703703703703
1 0.48072916666666676 0.8601851851851852 0.4666666666666668 0.8601851851851852 0.4666666666666668 0.8851851851851852 0.48072916666666676 0.8851851851851852
1 0.4916666666666668 0.8731481481481482 0.4776041666666668 0.8731481481481481 0.4776041666666668 0.8962962962962964 0.4916666666666668 0.8962962962962965
1 0.5385416666666667 0.7296296296296299 0.5260416666666666 0.7296296296296299 0.5260416666666666 0.7500000000000002 0.5385416666666667 0.7500000000000002
1 0.6020833333333333 0.7231481481481483 0.590625 0.7231481481481483 0.590625 0.7500000000000002 0.6020833333333333 0.7500000000000002
1 0.6140625 0.7203703703703705 0.6020833333333333 0.7203703703703705 0.6020833333333333 0.739814814814815 0.6140625 0.739814814814815
1 0.6197916666666666 0.7472222222222225 0.6098958333333333 0.7472222222222225 0.6098958333333333 0.7638888888888891 0.6197916666666666 0.7638888888888891
1 0.6083333333333333 0.7546296296296299 0.5994791666666667 0.7546296296296299 0.5994791666666667 0.7750000000000002 0.6083333333333333 0.7750000000000002
1 0.6432291666666666 0.6879629629629632 0.63125 0.6879629629629632 0.63125 0.7092592592592595 0.6432291666666666 0.7092592592592595
1 0.4109375 0.6111111111111112 0.4005208333333333 0.6111111111111112 0.4005208333333333 0.6342592592592593 0.4109375 0.6342592592592593
1 0.425 0.6231481481481481 0.4140625 0.6231481481481481 0.4140625 0.6462962962962963 0.425 0.6462962962962963
1 0.4166666666666667 0.6351851851851852 0.4 0.6351851851851852 0.4 0.6601851851851852 0.4166666666666667 0.6601851851851852
1 0.5109375 0.4888888888888891 0.5010416666666667 0.4888888888888891 0.5010416666666667 0.5092592592592595 0.5109375 0.5092592592592595
1 0.5171875 0.502777777777778 0.5078125 0.502777777777778 0.5078125 0.5231481481481484 0.5171875 0.5231481481481484
1 0.5557291666666667 0.38055555555555565 0.54375 0.38055555555555565 0.54375 0.40185185185185196 0.5557291666666667 0.40185185185185196