1 0.6229166666666667 0.7416666666666669 0.6057291666666667 0.7416666666666669 0.6057291666666667 0.7685185185185187 0.6229166666666667 0.7685185185185187
1 0.7380208333333333 0.7064814814814817 0.7213541666666666 0.7064814814814817 0.7213541666666666 0.7370370370370373 0.7380208333333333 0.7370370370370373
1 0.5114583333333333 0.7416666666666669 0.49583333333333335 0.7416666666666669 0.49583333333333335 0.7685185185185187 0.5114583333333333 0.7685185185185187
1 0.4817708333333333 0.7555555555555555 0.46770833333333334 0.7555555555555555 0.46770833333333334 0.7861111111111111 0.4817708333333333 0.7861111111111111
1 0.53125 0.7805555555555558 0.5166666666666667 0.7805555555555558 0.5166666666666667 0.8046296296296298 0.53125 0.8046296296296298
1 0.5494791666666666 0.7611111111111113 0.5338541666666666 0.7611111111111113 0.5338541666666666 0.7925925925925928 0.5494791666666666 0.7925925925925928
1 0.5447916666666667 0.7944444444444446 0.5296875 0.7944444444444446 0.5296875 0.8240740740740743 0.5447916666666667 0.8240740740740743
1 0.5328125 0.8250000000000002 0.5166666666666667 0.8250000000000002 0.5166666666666667 0.8574074074074076 0.5328125 0.8574074074074076
1 0.403125 0.7675925925925926 0.3880208333333333 0.7675925925925926 0.3880208333333333 0.7944444444444444 0.403125 0.7944444444444444
1 0.3927083333333333 0.8046296296296296 0.38229166666666664 0.8046296296296296 0.38229166666666664 0.8296296296296296 0.3927083333333333 0.8296296296296296
1 0.33125 0.737037037037037 0.315625 0.737037037037037 0.315625 0.7648148148148148 0.33125 0.7648148148148148
1 0.3072916666666667 0.6916666666666667 0.29322916666666665 0.6916666666666667 0.29322916666666665 0.7111111111111111 0.3072916666666667 0.7111111111111111
1 0.3026041666666667 0.7074074074074074 0.2921875 0.7074074074074074 0.2921875 0.7324074074074074 0.3026041666666667 0.7324074074074074
1 0.3026041666666667 0.7324074074074074 0.290625 0.7324074074074074 0.290625 0.7490740740740741 0.3026041666666667 0.7490740740740741
1 0.5067708333333333 0.450925925925926 0.49114583333333334 0.450925925925926 0.49114583333333334 0.47407407407407426 0.5067708333333333 0.47407407407407426
1 0.5526041666666667 0.3851851851851853 0.5401041666666667 0.3851851851851853 0.5401041666666667 0.40462962962962973 0.5526041666666667 0.40462962962962973
1 0.42291666666666666 0.39444444444444454 0.4083333333333333 0.39444444444444454 0.4083333333333333 0.42037037037037045 0.42291666666666666 0.42037037037037045