1 0.4515625 0.6796296296296296 0.4244791666666667 0.6796296296296296 0.4244791666666667 0.7175925925925926 0.4515625 0.7175925925925926
1 0.48385416666666664 0.7972222222222223 0.4625 0.7972222222222223 0.4625 0.8296296296296297 0.48385416666666664 0.8296296296296298
1 0.4416666666666667 0.8407407407407408 0.41822916666666665 0.8407407407407408 0.4182291666666667 0.8777777777777778 0.44166666666666676 0.8777777777777778
1 0.45989583333333345 0.8953703703703704 0.43802083333333347 0.8953703703703704 0.43802083333333347 0.9305555555555556 0.45989583333333345 0.9305555555555556
1 0.44375000000000014 0.9342592592592592 0.4171875000000001 0.9342592592592592 0.4171875000000001 0.975925925925926 0.44375000000000014 0.975925925925926
1 0.3307291666666667 0.7527777777777778 0.30416666666666664 0.7527777777777778 0.30416666666666664 0.7925925925925926 0.3307291666666667 0.7925925925925926
1 0.296875 0.7962962962962963 0.27760416666666665 0.7962962962962963 0.27760416666666665 0.8277777777777777 0.296875 0.8277777777777777
1 0.3015625000000001 0.8768518518518519 0.2807291666666668 0.8768518518518519 0.2807291666666668 0.9092592592592592 0.3015625000000001 0.9092592592592592
1 0.26770833333333344 0.8972222222222223 0.24531250000000007 0.8972222222222223 0.24531250000000007 0.9333333333333333 0.26770833333333344 0.9333333333333333
1 0.33958333333333335 0.6842592592592592 0.3145833333333333 0.6842592592592592 0.3145833333333333 0.712037037037037 0.33958333333333335 0.712037037037037
1 0.3411458333333333 0.6166666666666667 0.31666666666666665 0.6166666666666667 0.31666666666666665 0.6481481481481481 0.3411458333333333 0.6481481481481481
1 0.2890625 0.6296296296296297 0.26093750000000004 0.6296296296296297 0.26093750000000004 0.6712962962962963 0.2890625 0.6712962962962963
1 0.3375 0.5194444444444445 0.3234375 0.5194444444444445 0.3234375 0.5444444444444444 0.3375 0.5444444444444444
1 0.48020833333333335 0.5648148148148148 0.46458333333333335 0.5648148148148148 0.46458333333333335 0.5879629629629629 0.48020833333333335 0.5879629629629629
1 0.48125 0.55 0.4661458333333333 0.55 0.4661458333333333 0.5685185185185185 0.48125 0.5685185185185185
1 0.58125 0.5694444444444446 0.5619791666666667 0.5694444444444446 0.5619791666666667 0.5953703703703705 0.58125 0.5953703703703705