1 0.5583333333333333 0.3157407407407408 0.525 0.3157407407407408 0.525 0.3592592592592594 0.5583333333333333 0.3592592592592594
1 0.5348958333333333 0.24907407407407417 0.4979166666666667 0.24907407407407417 0.4979166666666667 0.30555555555555564 0.5348958333333333 0.30555555555555564
1 0.5932291666666667 0.2287037037037038 0.55 0.2287037037037038 0.55 0.275925925925926 0.5932291666666667 0.275925925925926
1 0.5786458333333333 0.1601851851851853 0.5484375 0.1601851851851853 0.5484375 0.20555555555555566 0.5786458333333333 0.20555555555555566
1 0.5208333333333334 0.09444444444444455 0.48072916666666665 0.09444444444444455 0.48072916666666665 0.1490740740740742 0.5208333333333334 0.1490740740740742
1 0.5635416666666667 1.1962984936115348e-16 0.5354166666666667 1.165682323632851e-16 0.5354166666666667 0.032407407407407524 0.5635416666666667 0.032407407407407524
1 0.759375 0.02037037037037053 0.7286458333333333 0.020370370370370528 0.7286458333333333 0.059259259259259414 0.759375 0.059259259259259414
1 0.7265625 0.1731481481481483 0.6911458333333333 0.1731481481481483 0.6911458333333333 0.21759259259259275 0.7265625 0.21759259259259275
1 0.7109375 0.29907407407407416 0.684375 0.29907407407407416 0.684375 0.33703703703703713 0.7109375 0.33703703703703713
1 0.6510416666666666 0.463888888888889 0.6239583333333333 0.463888888888889 0.6239583333333333 0.5157407407407409 0.6510416666666666 0.5157407407407409
1 0.78125 0.29722222222222244 0.7677083333333333 0.29722222222222244 0.7677083333333333 0.3500000000000002 0.78125 0.3500000000000002
1 0.39895833333333336 0.5694444444444444 0.36822916666666666 0.5694444444444444 0.36822916666666666 0.612037037037037 0.39895833333333336 0.612037037037037
1 0.32083333333333336 0.6212962962962963 0.2911458333333333 0.6212962962962963 0.2911458333333333 0.6712962962962963 0.32083333333333336 0.6712962962962963
1 0.3859375000000001 0.9824074074074074 0.3484375000000001 0.9824074074074074 0.3484375000000001 1 0.3859375000000001 1