1 0.7104166666666667 0.6166666666666669 0.6859375 0.6166666666666669 0.6859375 0.6666666666666669 0.7104166666666667 0.6666666666666669
1 0.7854166666666667 0.6351851851851854 0.7645833333333333 0.6351851851851854 0.7645833333333333 0.6722222222222224 0.7854166666666667 0.6722222222222224
1 0.8067708333333333 0.6000000000000002 0.7864583333333334 0.6000000000000002 0.7864583333333334 0.6407407407407409 0.8067708333333333 0.6407407407407409
1 0.8369791666666667 0.6370370370370373 0.8151041666666666 0.6370370370370373 0.8151041666666666 0.6759259259259262 0.8369791666666667 0.6759259259259262
1 0.7296875 0.8314814814814817 0.7088541666666667 0.8314814814814817 0.7088541666666667 0.8740740740740743 0.7296875 0.8740740740740743
1 0.7416666666666667 0.8870370370370373 0.721875 0.8870370370370373 0.721875 0.926851851851852 0.7416666666666667 0.926851851851852
1 0.7927083333333333 0.8833333333333335 0.7770833333333333 0.8833333333333335 0.7770833333333333 0.9212962962962965 0.7927083333333333 0.9212962962962965
1 0.6729166666666667 0.915740740740741 0.6484375 0.915740740740741 0.6484375 0.9712962962962963 0.6729166666666667 0.9712962962962963
1 0.5744791666666667 0.8120370370370372 0.55625 0.8120370370370372 0.55625 0.8481481481481483 0.5744791666666667 0.8481481481481483
1 0.6458333333333334 0.8111111111111113 0.6286458333333333 0.8111111111111113 0.6286458333333333 0.852777777777778 0.6458333333333334 0.852777777777778
1 0.66875 0.815740740740741 0.653125 0.815740740740741 0.653125 0.853703703703704 0.66875 0.853703703703704
1 0.6083333333333333 0.5583333333333336 0.5916666666666667 0.5583333333333336 0.5916666666666667 0.5879629629629631 0.6083333333333333 0.5879629629629631
1 0.5911458333333334 0.5564814814814817 0.5802083333333333 0.5564814814814817 0.5802083333333333 0.5787037037037039 0.5911458333333334 0.5787037037037039
1 0.6052083333333333 0.37314814814814823 0.5901041666666667 0.37314814814814823 0.5901041666666667 0.4074074074074075 0.6052083333333333 0.4074074074074075