1 0.5713541666666667 0.8990740740740742 0.565625 0.8990740740740742 0.565625 0.9083333333333335 0.5713541666666667 0.9083333333333335
1 0.5786458333333333 0.8694444444444447 0.5708333333333333 0.8694444444444447 0.5708333333333333 0.8796296296296299 0.5786458333333333 0.8796296296296299
1 0.571875 0.8462962962962965 0.5651041666666666 0.8462962962962965 0.5651041666666666 0.8574074074074076 0.571875 0.8574074074074076
1 0.5791666666666667 0.9101851851851854 0.5729166666666666 0.9101851851851854 0.5729166666666666 0.9212962962962965 0.5791666666666667 0.9212962962962965
1 0.5854166666666667 0.9324074074074076 0.5791666666666667 0.9324074074074076 0.5791666666666667 0.9444444444444446 0.5854166666666667 0.9444444444444446
1 0.5953125 0.9111111111111113 0.5895833333333333 0.9111111111111113 0.5895833333333333 0.9231481481481484 0.5953125 0.9231481481481484
1 0.6130208333333333 0.8481481481481483 0.6067708333333334 0.8481481481481483 0.6067708333333334 0.8601851851851854 0.6130208333333333 0.8601851851851854
1 0.634375 0.8472222222222224 0.6265625 0.8472222222222224 0.6265625 0.8592592592592595 0.634375 0.8592592592592595
1 0.6359375 0.9175925925925928 0.628125 0.9175925925925928 0.628125 0.9296296296296298 0.6359375 0.9296296296296298
1 0.5307291666666668 0.9175925925925928 0.5244791666666668 0.9175925925925928 0.5244791666666668 0.9296296296296298 0.5307291666666668 0.9296296296296298
1 0.6651041666666667 0.7037037037037039 0.6578125 0.7037037037037039 0.6578125 0.714814814814815 0.6651041666666667 0.714814814814815
1 0.6427083333333333 0.7759259259259261 0.6369791666666667 0.7759259259259261 0.6369791666666667 0.7842592592592594 0.6427083333333333 0.7842592592592594
1 0.6276041666666666 0.7046296296296298 0.6203125 0.7046296296296298 0.6203125 0.714814814814815 0.6276041666666666 0.714814814814815
1 0.6182291666666667 0.676851851851852 0.6119791666666666 0.676851851851852 0.6119791666666666 0.6861111111111113 0.6182291666666667 0.6861111111111113
1 0.590625 0.6916666666666669 0.5848958333333333 0.6916666666666669 0.5848958333333333 0.7009259259259262 0.590625 0.7009259259259262
1 0.4276041666666667 0.2500000000000001 0.4083333333333333 0.2500000000000001 0.4083333333333333 0.2740740740740742 0.4276041666666667 0.2740740740740742
1 0.42552083333333335 0.2324074074074075 0.4114583333333333 0.2324074074074075 0.4114583333333333 0.25555555555555565 0.42552083333333335 0.25555555555555565
1 0.4041666666666667 0.2981481481481483 0.39375 0.2981481481481483 0.39375 0.31944444444444453 0.4041666666666667 0.31944444444444453
1 0.4484375 0.2453703703703705 0.4375 0.2453703703703705 0.4375 0.26296296296296306 0.4484375 0.26296296296296306
1 0.4828125 0.34814814814814826 0.4666666666666667 0.34814814814814826 0.4666666666666667 0.3712962962962964 0.4828125 0.3712962962962964
1 0.5192708333333333 0.2777777777777779 0.5015625 0.2777777777777779 0.5015625 0.30555555555555564 0.5192708333333333 0.30555555555555564
1 0.5234375 0.26296296296296306 0.509375 0.26296296296296306 0.509375 0.28703703703703715 0.5234375 0.28703703703703715
1 0.534375 0.26574074074074083 0.5213541666666667 0.26574074074074083 0.5213541666666667 0.28518518518518526 0.534375 0.28518518518518526
1 0.49895833333333334 0.4129629629629631 0.4859375 0.4129629629629631 0.4859375 0.438888888888889 0.49895833333333334 0.438888888888889
1 0.5578125 0.7120370370370372 0.5536458333333333 0.7120370370370372 0.5536458333333333 0.7203703703703705 0.5578125 0.7203703703703705
1 0.6541666666666667 0.827777777777778 0.6494791666666667 0.827777777777778 0.6494791666666667 0.8379629629629631 0.6541666666666667 0.8379629629629631
1 0.6625 0.7888888888888891 0.6567708333333333 0.7888888888888891 0.6567708333333333 0.8000000000000002 0.6625 0.8000000000000002