1 0.5703125 0.6703703703703706 0.5583333333333333 0.6703703703703706 0.5583333333333333 0.7009259259259262 0.5703125 0.7009259259259262
1 0.5109375 0.7111111111111114 0.49166666666666664 0.7111111111111114 0.49166666666666664 0.7435185185185187 0.5109375 0.7435185185185187
1 0.5057291666666667 0.7564814814814816 0.4901041666666667 0.7564814814814816 0.4901041666666667 0.7925925925925928 0.5057291666666667 0.7925925925925928
1 0.4890625 0.7722222222222224 0.478125 0.7722222222222223 0.478125 0.8055555555555557 0.4890625 0.8055555555555558
1 0.4786458333333333 0.7833333333333333 0.45729166666666665 0.7833333333333333 0.45729166666666665 0.8222222222222222 0.4786458333333333 0.8222222222222222
1 0.4942708333333334 0.8407407407407409 0.475 0.8407407407407408 0.47500000000000003 0.8731481481481482 0.49427083333333344 0.8731481481481483
1 0.5015625 0.8138888888888891 0.4864583333333333 0.8138888888888891 0.4864583333333333 0.8472222222222224 0.5015625 0.8472222222222224
1 0.6041666666666666 0.6861111111111113 0.5869791666666667 0.6861111111111113 0.5869791666666667 0.7222222222222224 0.6041666666666666 0.7222222222222224
1 0.6213541666666667 0.3314814814814816 0.6057291666666667 0.3314814814814816 0.6057291666666667 0.3611111111111112 0.6213541666666667 0.3611111111111112
1 0.65625 0.40833333333333344 0.6453125 0.40833333333333344 0.6453125 0.4324074074074075 0.65625 0.4324074074074075
1 0.271875 0.15370370370370376 0.259375 0.15370370370370376 0.259375 0.18333333333333338 0.271875 0.18333333333333338
1 0.28802083333333334 0.17037037037037042 0.2703125 0.17037037037037042 0.2703125 0.19722222222222227 0.28802083333333334 0.19722222222222227