1 0.5651041666666666 0.37407407407407417 0.5453125 0.37407407407407417 0.5453125 0.4175925925925927 0.5651041666666666 0.4175925925925927
1 0.6338541666666667 0.438888888888889 0.615625 0.438888888888889 0.615625 0.47962962962962985 0.6338541666666667 0.47962962962962985
1 0.6604166666666667 0.3601851851851853 0.6411458333333333 0.3601851851851853 0.6411458333333333 0.4027777777777779 0.6604166666666667 0.4027777777777779
1 0.7026041666666667 0.388888888888889 0.6828125 0.388888888888889 0.6828125 0.4324074074074075 0.7026041666666667 0.4324074074074075
1 0.7182291666666667 0.35277777777777786 0.6979166666666666 0.35277777777777786 0.6979166666666666 0.3962962962962964 0.7182291666666667 0.3962962962962964
1 0.7989583333333333 0.5740740740740743 0.7828125 0.5740740740740743 0.7828125 0.6101851851851854 0.7989583333333333 0.6101851851851854
1 0.8177083333333334 0.5212962962962965 0.8 0.5212962962962965 0.8 0.5481481481481484 0.8177083333333334 0.5481481481481484
1 0.5104166666666666 0.4500000000000001 0.503125 0.4500000000000001 0.503125 0.47962962962962985 0.5104166666666666 0.47962962962962985
1 0.521875 0.43425925925925934 0.5088541666666667 0.43425925925925934 0.5088541666666667 0.4750000000000002 0.521875 0.4750000000000002
1 0.5276041666666667 0.6120370370370373 0.5125 0.6120370370370373 0.5125 0.6472222222222225 0.5276041666666667 0.6472222222222225
1 0.5463541666666667 0.08981481481481493 0.5239583333333333 0.08981481481481492 0.5239583333333333 0.13981481481481492 0.5463541666666667 0.13981481481481492
1 0.5494791666666666 0.188888888888889 0.5265625 0.188888888888889 0.5265625 0.23425925925925936 0.5494791666666666 0.23425925925925936
1 0.5072916666666667 0.19074074074074085 0.49114583333333334 0.19074074074074085 0.49114583333333334 0.2324074074074075 0.5072916666666667 0.2324074074074075
1 0.5921875 0.18240740740740752 0.5765625 0.18240740740740752 0.5765625 0.21666666666666679 0.5921875 0.21666666666666679
1 0.61875 0.1629629629629631 0.6 0.16296296296296306 0.6 0.20648148148148163 0.61875 0.20648148148148163
1 0.6484375 0.11481481481481495 0.6291666666666667 0.11481481481481495 0.6291666666666667 0.15277777777777793 0.6484375 0.15277777777777793
1 0.6921875 0.11018518518518534 0.6744791666666666 0.11018518518518534 0.6744791666666666 0.15277777777777793 0.6921875 0.15277777777777793
1 0.7265625 0.04722222222222238 0.7067708333333333 0.04722222222222238 0.7067708333333333 0.08888888888888904 0.7265625 0.08888888888888904
1 0.8239583333333333 0.17037037037037053 0.8041666666666667 0.17037037037037053 0.8041666666666667 0.2046296296296298 0.8239583333333333 0.2046296296296298
1 0.7640625 0.6787037037037039 0.7458333333333333 0.6787037037037039 0.7458333333333333 0.7101851851851854 0.7640625 0.7101851851851854