1 0.6932291666666667 0.2750000000000001 0.6677083333333333 0.2750000000000001 0.6677083333333333 0.313888888888889 0.6932291666666667 0.313888888888889
1 0.6875 0.2333333333333335 0.6645833333333333 0.2333333333333335 0.6645833333333333 0.2712962962962964 0.6875 0.2712962962962964
1 0.5984375 0.4962962962962965 0.578125 0.4962962962962965 0.578125 0.5333333333333335 0.5984375 0.5333333333333335
1 0.3223958333333333 0.5638888888888889 0.30416666666666664 0.5638888888888889 0.30416666666666664 0.6 0.3223958333333333 0.6
1 0.3015625 0.5805555555555556 0.28177083333333336 0.5805555555555556 0.28177083333333336 0.6166666666666667 0.3015625 0.6166666666666667
1 0.290625 0.5981481481481481 0.271875 0.5981481481481481 0.271875 0.6342592592592593 0.290625 0.6342592592592593
1 0.3223958333333333 0.6611111111111111 0.3078125 0.6611111111111111 0.3078125 0.6842592592592592 0.3223958333333333 0.6842592592592592
1 0.3177083333333333 0.687962962962963 0.3015625 0.687962962962963 0.3015625 0.7231481481481481 0.3177083333333333 0.7231481481481481
1 0.309375 0.6703703703703704 0.290625 0.6703703703703704 0.290625 0.700925925925926 0.309375 0.700925925925926
1 0.3125 0.6129629629629629 0.28854166666666664 0.6129629629629629 0.28854166666666664 0.6453703703703704 0.3125 0.6453703703703704
1 0.3296875 0.6166666666666667 0.309375 0.6166666666666667 0.309375 0.6546296296296297 0.3296875 0.6546296296296297