1 0.6828125 0.25555555555555565 0.665625 0.25555555555555565 0.665625 0.29722222222222233 0.6828125 0.29722222222222233
1 0.696875 0.2453703703703705 0.6786458333333333 0.2453703703703705 0.6786458333333333 0.2787037037037038 0.696875 0.2787037037037038
1 0.7067708333333333 0.2500000000000001 0.6916666666666667 0.2500000000000001 0.6916666666666667 0.28703703703703715 0.7067708333333333 0.28703703703703715
1 0.38645833333333335 0.15925925925925938 0.37604166666666666 0.15925925925925938 0.37604166666666666 0.18611111111111123 0.38645833333333335 0.18611111111111123
1 0.390625 0.13703703703703715 0.37916666666666665 0.13703703703703715 0.37916666666666665 0.1712962962962964 0.390625 0.1712962962962964
1 0.6026041666666667 0.017592592592592722 0.5885416666666666 0.01759259259259272 0.5885416666666666 0.046296296296296426 0.6026041666666667 0.046296296296296426
1 0.6140625 0.019444444444444577 0.5963541666666666 0.019444444444444577 0.5963541666666666 0.04907407407407421 0.6140625 0.04907407407407421
1 0.3296875 0.4027777777777779 0.3104166666666667 0.4027777777777779 0.3104166666666667 0.4324074074074075 0.3296875 0.4324074074074075
1 0.3182291666666667 0.43055555555555564 0.3046875 0.43055555555555564 0.3046875 0.4564814814814816 0.3182291666666667 0.4564814814814816
1 0.31666666666666665 0.3990740740740742 0.30520833333333336 0.3990740740740742 0.30520833333333336 0.4231481481481483 0.31666666666666665 0.4231481481481483
1 0.3328125 0.42037037037037045 0.3203125 0.42037037037037045 0.3203125 0.4490740740740742 0.3328125 0.4490740740740742
1 0.29010416666666666 0.43333333333333346 0.2765625 0.43333333333333346 0.2765625 0.4611111111111112 0.29010416666666666 0.4611111111111112