1 0.8130208333333333 0.6000000000000002 0.7885416666666667 0.6000000000000002 0.7885416666666667 0.652777777777778 0.8130208333333333 0.652777777777778
1 0.871875 0.6111111111111113 0.8505208333333333 0.6111111111111113 0.8505208333333333 0.6629629629629632 0.871875 0.6629629629629632
1 0.8536458333333333 0.5305555555555558 0.8291666666666667 0.5305555555555558 0.8291666666666667 0.5796296296296298 0.8536458333333333 0.5796296296296298
1 0.8776041666666666 0.5842592592592595 0.8578125 0.5842592592592595 0.8578125 0.6222222222222225 0.8776041666666666 0.6222222222222225
1 0.9234375 0.614814814814815 0.8979166666666667 0.614814814814815 0.8979166666666667 0.665740740740741 0.9234375 0.665740740740741
1 0.6692708333333334 0.3472222222222223 0.65625 0.3472222222222223 0.65625 0.38240740740740753 0.6692708333333334 0.38240740740740753
1 0.734375 0.7981481481481484 0.7104166666666667 0.7981481481481484 0.7104166666666667 0.8555555555555557 0.734375 0.8555555555555557
1 0.8078125 0.8824074074074076 0.7880208333333333 0.8824074074074076 0.7880208333333333 0.915740740740741 0.8078125 0.915740740740741
1 0.8135416666666667 0.8250000000000002 0.7901041666666667 0.8250000000000002 0.7901041666666667 0.8712962962962965 0.8135416666666667 0.8712962962962965
1 0.771875 0.9074074074074077 0.7442708333333333 0.9074074074074077 0.7442708333333333 0.9555555555555556 0.771875 0.9555555555555556
1 0.6291666666666667 0.8111111111111113 0.6135416666666667 0.8111111111111113 0.6135416666666667 0.8472222222222224 0.6291666666666667 0.8472222222222224
1 0.6786458333333333 0.8324074074074076 0.6645833333333333 0.8324074074074076 0.6645833333333333 0.8666666666666669 0.6786458333333333 0.8666666666666669
1 0.8645833333333334 0.8814814814814816 0.8505208333333333 0.8814814814814816 0.8505208333333333 0.9148148148148151 0.8645833333333334 0.9148148148148151
1 0.8260416666666667 0.9333333333333336 0.8114583333333333 0.9333333333333336 0.8114583333333333 0.9657407407407408 0.8260416666666667 0.9657407407407408