1 0.4239583333333333 0.3953703703703705 0.4171875 0.3953703703703705 0.4171875 0.40462962962962973 0.4239583333333333 0.40462962962962973
1 0.42916666666666664 0.40555555555555567 0.4234375 0.40555555555555567 0.4234375 0.413888888888889 0.42916666666666664 0.413888888888889
1 0.425 0.4324074074074075 0.4192708333333333 0.4324074074074075 0.4192708333333333 0.4407407407407408 0.425 0.4407407407407408
1 0.4322916666666667 0.450925925925926 0.42552083333333335 0.450925925925926 0.42552083333333335 0.4583333333333334 0.4322916666666667 0.4583333333333334
1 0.4395833333333333 0.48148148148148145 0.4348958333333333 0.48148148148148145 0.4348958333333333 0.4888888888888889 0.4395833333333333 0.4888888888888889
1 0.39114583333333336 0.45370370370370383 0.3854166666666667 0.45370370370370383 0.3854166666666667 0.46203703703703713 0.39114583333333336 0.46203703703703713
1 0.40677083333333336 0.3972222222222223 0.4015625 0.3972222222222223 0.4015625 0.40555555555555567 0.40677083333333336 0.40555555555555567
1 0.3703125 0.3972222222222223 0.3645833333333333 0.3972222222222223 0.3645833333333333 0.40462962962962973 0.3703125 0.40462962962962973
1 0.371875 0.45740740740740754 0.36666666666666664 0.45740740740740754 0.36666666666666664 0.4629629629629631 0.371875 0.4629629629629631
1 0.37135416666666665 0.4601851851851853 0.365625 0.4601851851851853 0.365625 0.46759259259259267 0.37135416666666665 0.46759259259259267
1 0.3625 0.5296296296296297 0.3572916666666667 0.5296296296296297 0.3572916666666667 0.5361111111111111 0.3625 0.5361111111111111
1 0.37916666666666665 0.5925925925925926 0.37395833333333334 0.5925925925925926 0.37395833333333334 0.5981481481481481 0.37916666666666665 0.5981481481481481
1 0.415625 0.6027777777777777 0.40989583333333335 0.6027777777777777 0.40989583333333335 0.6083333333333333 0.415625 0.6083333333333333
1 0.34010416666666665 0.6 0.3359375 0.6 0.3359375 0.6074074074074074 0.34010416666666665 0.6074074074074074
1 0.3421875 0.5962962962962963 0.3380208333333333 0.5962962962962963 0.3380208333333333 0.6027777777777777 0.3421875 0.6027777777777777
1 0.415625 0.37592592592592605 0.41041666666666665 0.37592592592592605 0.41041666666666665 0.3851851851851853 0.415625 0.3851851851851853
1 0.4171875 0.3537037037037038 0.4125 0.3537037037037038 0.4125 0.36203703703703716 0.4171875 0.36203703703703716
1 0.39791666666666664 0.3648148148148149 0.39166666666666666 0.3648148148148149 0.39166666666666666 0.37314814814814823 0.39791666666666664 0.37314814814814823
1 0.3567708333333333 0.25185185185185194 0.3494791666666667 0.25185185185185194 0.3494791666666667 0.263888888888889 0.3567708333333333 0.263888888888889
1 0.3671875 0.18981481481481488 0.35833333333333334 0.18981481481481488 0.35833333333333334 0.20462962962962972 0.3671875 0.20462962962962974
1 0.3453125 0.18425925925925932 0.33489583333333334 0.18425925925925932 0.33489583333333334 0.20092592592592598 0.3453125 0.20092592592592598
1 0.3463541666666667 0.22129629629629635 0.3359375 0.22129629629629635 0.3359375 0.23518518518518525 0.3463541666666667 0.23518518518518525
1 0.5541666666666667 0.9694444444444444 0.534375 0.9694444444444444 0.534375 1 0.5541666666666667 1
1 0.5270833333333335 0.8925925925925928 0.5083333333333334 0.8925925925925928 0.5083333333333334 0.9222222222222224 0.5270833333333335 0.9222222222222224
1 0.39166666666666666 0.034259259259259336 0.378125 0.034259259259259336 0.378125 0.05000000000000008 0.39166666666666666 0.05000000000000008
1 0.30625 0.005555555555555622 0.296875 0.00555555555555562 0.296875 0.018518518518518583 0.30625 0.018518518518518583
1 0.3098958333333333 0.04722222222222229 0.3 0.04722222222222229 0.3 0.06111111111111118 0.3098958333333333 0.06111111111111119
1 0.23906250000000007 0.7712962962962963 0.22812500000000005 0.7712962962962963 0.22812500000000005 0.7898148148148149 0.23906250000000007 0.7898148148148149
1 0.24791666666666673 0.8074074074074075 0.23593750000000005 0.8074074074074075 0.23593750000000005 0.8240740740740741 0.24791666666666673 0.8240740740740741
1 0.24322916666666672 0.8194444444444444 0.2302083333333334 0.8194444444444444 0.2302083333333334 0.8388888888888889 0.24322916666666672 0.8388888888888889
1 0.23593750000000005 0.9231481481481482 0.22083333333333338 0.9231481481481482 0.22083333333333338 0.9462962962962963 0.23593750000000005 0.9462962962962963