1 0.42083333333333334 0.5435185185185185 0.3963541666666667 0.5435185185185185 0.3963541666666667 0.6027777777777777 0.42083333333333334 0.6027777777777777
1 0.390625 0.4962962962962963 0.35885416666666664 0.4962962962962963 0.35885416666666664 0.562037037037037 0.390625 0.562037037037037
1 0.37395833333333334 0.5888888888888889 0.34739583333333335 0.5888888888888889 0.34739583333333335 0.6657407407407407 0.37395833333333334 0.6657407407407407
1 0.334375 0.5861111111111111 0.30885416666666665 0.5861111111111111 0.30885416666666665 0.6398148148148148 0.334375 0.6398148148148148
1 0.3026041666666667 0.46574074074074084 0.271875 0.46574074074074084 0.271875 0.5370370370370371 0.3026041666666667 0.5370370370370371
1 0.23750000000000007 0.562962962962963 0.2057291666666667 0.562962962962963 0.2057291666666667 0.6129629629629629 0.23750000000000007 0.6129629629629629
1 0.2515625000000001 0.9064814814814814 0.2302083333333334 0.9064814814814814 0.2302083333333334 0.9611111111111111 0.2515625000000001 0.9611111111111111
1 0.34114583333333337 0.8398148148148148 0.31614583333333335 0.8398148148148148 0.3161458333333334 0.9027777777777778 0.3411458333333334 0.9027777777777778
1 0.4083333333333334 0.8277777777777777 0.38697916666666665 0.8277777777777777 0.3869791666666667 0.875 0.40833333333333344 0.875
1 0.5083333333333333 0.7203703703703704 0.4796875 0.7203703703703703 0.4796875 0.7685185185185186 0.5083333333333333 0.7685185185185187
1 0.41614583333333344 0.975925925925926 0.38645833333333346 0.975925925925926 0.38645833333333346 1 0.41614583333333344 1
1 0.5630208333333333 0.26481481481481495 0.5385416666666667 0.26481481481481495 0.5385416666666667 0.32037037037037047 0.5630208333333333 0.32037037037037047
1 0.5963541666666666 0.12870370370370382 0.5682291666666667 0.12870370370370382 0.5682291666666667 0.18148148148148158 0.5963541666666666 0.18148148148148158
1 0.8041666666666667 0.2305555555555557 0.7713541666666667 0.2305555555555557 0.7713541666666667 0.29722222222222244 0.8041666666666667 0.29722222222222244
1 0.9375 0.777777777777778 0.9067708333333333 0.777777777777778 0.9067708333333333 0.8342592592592595 0.9375 0.8342592592592595
1 1 0.1324074074074076 0.9666666666666667 0.1324074074074076 0.9666666666666667 0.19259259259259282 1 0.19259259259259282