1 0.5026041666666666 0.5194444444444447 0.48541666666666666 0.5194444444444447 0.48541666666666666 0.5425925925925928 0.5026041666666666 0.5425925925925928
1 0.49322916666666666 0.5435185185185186 0.47760416666666666 0.5435185185185185 0.47760416666666666 0.5657407407407409 0.49322916666666666 0.565740740740741
1 0.4796875 0.5342592592592592 0.4661458333333333 0.5342592592592592 0.4661458333333333 0.5638888888888889 0.4796875 0.5638888888888889
1 0.5348958333333333 0.4629629629629631 0.5192708333333333 0.4629629629629631 0.5192708333333333 0.4861111111111113 0.5348958333333333 0.4861111111111113
1 0.6046875 0.5129629629629632 0.5901041666666667 0.5129629629629632 0.5901041666666667 0.5351851851851854 0.6046875 0.5351851851851854
1 0.5869791666666667 0.5574074074074076 0.5692708333333333 0.5574074074074076 0.5692708333333333 0.577777777777778 0.5869791666666667 0.577777777777778
1 0.5859375 0.5768518518518521 0.5739583333333333 0.5768518518518521 0.5739583333333333 0.5981481481481483 0.5859375 0.5981481481481483
1 0.5177083333333333 0.39074074074074083 0.503125 0.39074074074074083 0.503125 0.4129629629629631 0.5177083333333333 0.4129629629629631
1 0.2552083333333333 0.23888888888888898 0.24322916666666666 0.23888888888888898 0.24322916666666666 0.2583333333333334 0.2552083333333333 0.2583333333333334
1 0.41875 0.11666666666666675 0.4119791666666667 0.11666666666666675 0.4119791666666667 0.12407407407407418 0.41875 0.12407407407407418
1 0.43072916666666666 0.0574074074074075 0.4244791666666667 0.0574074074074075 0.4244791666666667 0.06666666666666678 0.43072916666666666 0.06666666666666678
1 0.3640625 0.018518518518518597 0.3578125 0.018518518518518597 0.3578125 0.027777777777777856 0.3640625 0.027777777777777856
1 0.34322916666666664 0.0027777777777778516 0.33697916666666666 0.002777777777777851 0.33697916666666666 0.013888888888888963 0.34322916666666664 0.013888888888888964
1 0.34270833333333334 0.0935185185185186 0.3338541666666667 0.0935185185185186 0.3338541666666667 0.10648148148148157 0.34270833333333334 0.10648148148148157
1 0.390625 0.13055555555555567 0.38385416666666666 0.13055555555555567 0.38385416666666666 0.13796296296296306 0.390625 0.13796296296296306
1 0.45208333333333334 0.09444444444444455 0.446875 0.09444444444444455 0.446875 0.10462962962962974 0.45208333333333334 0.10462962962962974
1 0.27187500000000014 0.9342592592592592 0.2515625000000001 0.9342592592592592 0.2515625000000001 0.9592592592592593 0.27187500000000014 0.9592592592592593