1 0.7135416666666666 0.24722222222222232 0.6973958333333333 0.24722222222222232 0.6973958333333333 0.26944444444444454 0.7135416666666666 0.26944444444444454
1 0.7057291666666666 0.27962962962962973 0.69375 0.27962962962962973 0.69375 0.29537037037037045 0.7057291666666666 0.29537037037037045
1 0.6276041666666666 0.2981481481481483 0.615625 0.2981481481481483 0.615625 0.3157407407407408 0.6276041666666666 0.3157407407407408
1 0.671875 0.43333333333333346 0.659375 0.43333333333333346 0.659375 0.45185185185185195 0.671875 0.45185185185185195
1 0.6666666666666666 0.4703703703703705 0.6604166666666667 0.4703703703703705 0.6604166666666667 0.48425925925925944 0.6666666666666666 0.48425925925925944
1 0.6604166666666667 0.5018518518518521 0.6494791666666667 0.5018518518518521 0.6494791666666667 0.5157407407407409 0.6604166666666667 0.5157407407407409
1 0.6479166666666667 0.44166666666666676 0.6375 0.44166666666666676 0.6375 0.4546296296296297 0.6479166666666667 0.4546296296296297
1 0.6432291666666666 0.6351851851851854 0.6364583333333333 0.6351851851851854 0.6364583333333333 0.6462962962962965 0.6432291666666666 0.6462962962962965
1 0.6166666666666667 0.5981481481481483 0.6098958333333333 0.5981481481481483 0.6098958333333333 0.6083333333333335 0.6166666666666667 0.6083333333333335
1 0.596875 0.6111111111111113 0.5901041666666667 0.6111111111111113 0.5901041666666667 0.6194444444444447 0.596875 0.6194444444444447
1 0.5927083333333333 0.6287037037037039 0.5838541666666667 0.6287037037037039 0.5838541666666667 0.6379629629629632 0.5927083333333333 0.6379629629629632
1 0.5833333333333334 0.6379629629629632 0.578125 0.6379629629629632 0.578125 0.6481481481481484 0.5833333333333334 0.6481481481481484
1 0.6057291666666667 0.6333333333333335 0.5994791666666667 0.6333333333333335 0.5994791666666667 0.6407407407407409 0.6057291666666667 0.6407407407407409
1 0.5875 0.6685185185185187 0.58125 0.6685185185185187 0.58125 0.6750000000000002 0.5875 0.6750000000000002
1 0.58125 0.6851851851851853 0.575 0.6851851851851853 0.575 0.6935185185185188 0.58125 0.6935185185185188
1 0.5739583333333333 0.7018518518518521 0.5692708333333333 0.7018518518518521 0.5692708333333333 0.7092592592592595 0.5739583333333333 0.7092592592592595
1 0.5729166666666666 0.7166666666666669 0.5671875 0.7166666666666669 0.5671875 0.7240740740740743 0.5729166666666666 0.7240740740740743
1 0.6229166666666667 0.6944444444444446 0.6171875 0.6944444444444446 0.6171875 0.7018518518518521 0.6229166666666667 0.7018518518518521
1 0.6432291666666666 0.6972222222222224 0.6359375 0.6972222222222224 0.6359375 0.7101851851851854 0.6432291666666666 0.7101851851851854
1 0.703125 0.15462962962962978 0.69375 0.15462962962962978 0.69375 0.17129629629629645 0.703125 0.17129629629629645
1 0.7390625 0.11759259259259275 0.7270833333333333 0.11759259259259275 0.7270833333333333 0.1333333333333335 0.7390625 0.1333333333333335
1 0.7390625 0.13240740740740756 0.728125 0.13240740740740756 0.728125 0.14907407407407422 0.7390625 0.14907407407407422
1 0.728125 0.2611111111111113 0.7177083333333333 0.26111111111111124 0.7177083333333333 0.27500000000000013 0.728125 0.2750000000000002
1 0.73125 0.26666666666666683 0.7234375 0.2666666666666668 0.7234375 0.2796296296296298 0.73125 0.27962962962962984
1 0.7020833333333333 0.31944444444444453 0.69375 0.31944444444444453 0.69375 0.33240740740740754 0.7020833333333333 0.33240740740740754
1 0.5338541666666666 0.11018518518518529 0.5255208333333333 0.11018518518518529 0.5255208333333333 0.1212962962962964 0.5338541666666666 0.1212962962962964
1 0.6526041666666667 0.7759259259259261 0.6484375 0.7759259259259261 0.6484375 0.7842592592592594 0.6526041666666667 0.7842592592592594
1 0.671875 0.7638888888888891 0.6666666666666666 0.7638888888888891 0.6666666666666666 0.7722222222222225 0.671875 0.7722222222222225
1 0.5614583333333333 0.5842592592592595 0.55625 0.5842592592592595 0.55625 0.5953703703703705 0.5614583333333333 0.5953703703703705
1 0.56875 0.6083333333333335 0.5630208333333333 0.6083333333333335 0.5630208333333333 0.6175925925925928 0.56875 0.6175925925925928
1 0.5729166666666666 0.8555555555555557 0.5677083333333334 0.8555555555555557 0.5677083333333334 0.8638888888888892 0.5729166666666666 0.8638888888888892
1 0.5635416666666667 0.8212962962962965 0.559375 0.8212962962962965 0.559375 0.8287037037037039 0.5635416666666667 0.8287037037037039
1 0.5890625 0.790740740740741 0.5828125 0.790740740740741 0.5828125 0.801851851851852 0.5890625 0.801851851851852
1 0.596875 0.8509259259259261 0.5921875 0.8509259259259261 0.5921875 0.8583333333333335 0.596875 0.8583333333333335
1 0.6265625 0.8722222222222225 0.6208333333333333 0.8722222222222225 0.6208333333333333 0.8796296296296299 0.6265625 0.8796296296296299
1 0.6369791666666667 0.8444444444444447 0.63125 0.8444444444444447 0.63125 0.8518518518518521 0.6369791666666667 0.8518518518518521
1 0.6463541666666667 0.8250000000000002 0.6416666666666667 0.8250000000000002 0.6416666666666667 0.8324074074074076 0.6463541666666667 0.8324074074074076
1 0.6458333333333334 0.8287037037037039 0.640625 0.8287037037037039 0.640625 0.8370370370370372 0.6458333333333334 0.8370370370370372
1 0.678125 0.8546296296296299 0.6713541666666667 0.8546296296296299 0.6713541666666667 0.8629629629629632 0.678125 0.8629629629629632
1 0.675 0.8500000000000002 0.6697916666666667 0.8500000000000002 0.6697916666666667 0.8583333333333335 0.675 0.8583333333333335