1 0.615625 0.2527777777777779 0.6026041666666667 0.2527777777777779 0.6026041666666667 0.27685185185185196 0.615625 0.27685185185185196
1 0.6333333333333333 0.20648148148148163 0.6234375 0.20648148148148163 0.6234375 0.22407407407407423 0.6333333333333333 0.22407407407407423
1 0.6270833333333333 0.28333333333333344 0.6161458333333333 0.28333333333333344 0.6161458333333333 0.301851851851852 0.6270833333333333 0.301851851851852
1 0.6427083333333333 0.29537037037037045 0.6307291666666667 0.29537037037037045 0.6307291666666667 0.32314814814814824 0.6427083333333333 0.32314814814814824
1 0.6302083333333334 0.25740740740740753 0.6208333333333333 0.25740740740740753 0.6208333333333333 0.275925925925926 0.6302083333333334 0.275925925925926
1 0.6494791666666667 0.4231481481481483 0.6348958333333333 0.4231481481481483 0.6348958333333333 0.44351851851851865 0.6494791666666667 0.44351851851851865
1 0.671875 0.4148148148148149 0.6578125 0.4148148148148149 0.6578125 0.4351851851851853 0.671875 0.4351851851851853
1 0.6098958333333333 0.6351851851851854 0.5963541666666666 0.6351851851851854 0.5963541666666666 0.6574074074074077 0.6098958333333333 0.6574074074074077
1 0.61875 0.6425925925925928 0.6104166666666667 0.6425925925925928 0.6104166666666667 0.6629629629629632 0.61875 0.6629629629629632
1 0.6296875 0.6453703703703706 0.6197916666666666 0.6453703703703706 0.6197916666666666 0.6722222222222224 0.6296875 0.6722222222222224
1 0.6166666666666667 0.6611111111111113 0.6041666666666666 0.6611111111111113 0.6041666666666666 0.677777777777778 0.6166666666666667 0.677777777777778
1 0.6364583333333333 0.7129629629629631 0.621875 0.7129629629629631 0.621875 0.7305555555555557 0.6364583333333333 0.7305555555555557
1 0.6609375 0.7074074074074076 0.6479166666666667 0.7074074074074076 0.6479166666666667 0.727777777777778 0.6609375 0.727777777777778
1 0.6072916666666667 0.8120370370370372 0.5958333333333333 0.8120370370370372 0.5958333333333333 0.8333333333333336 0.6072916666666667 0.8333333333333336
1 0.6104166666666667 0.827777777777778 0.5963541666666666 0.827777777777778 0.5963541666666666 0.8453703703703705 0.6104166666666667 0.8453703703703705
1 0.6270833333333333 0.7351851851851854 0.6161458333333333 0.7351851851851854 0.6161458333333333 0.7546296296296299 0.6270833333333333 0.7546296296296299
1 0.6203125 0.6861111111111113 0.609375 0.6861111111111113 0.609375 0.7055555555555557 0.6203125 0.7055555555555557
1 0.5984375 0.36851851851851863 0.5869791666666667 0.36851851851851863 0.5869791666666667 0.38611111111111124 0.5984375 0.38611111111111124
1 0.640625 0.23518518518518533 0.6338541666666667 0.23518518518518533 0.6338541666666667 0.24907407407407417 0.640625 0.24907407407407417
1 0.6515625 0.20740740740740757 0.640625 0.20740740740740757 0.640625 0.22314814814814832 0.6515625 0.22314814814814832