1 0.4083333333333333 0.8231481481481482 0.396875 0.8231481481481482 0.396875 0.8490740740740741 0.4083333333333333 0.8490740740740741
1 0.4208333333333334 0.8398148148148148 0.40989583333333335 0.8398148148148148 0.4098958333333334 0.8685185185185185 0.42083333333333345 0.8685185185185185
1 0.4270833333333333 0.8305555555555556 0.4166666666666667 0.8305555555555556 0.4166666666666667 0.8537037037037037 0.4270833333333333 0.8537037037037037
1 0.3843750000000001 0.8351851851851851 0.37083333333333335 0.8351851851851851 0.3708333333333334 0.8638888888888889 0.38437500000000013 0.8638888888888889
1 0.3640625 0.5657407407407408 0.34739583333333335 0.5657407407407408 0.34739583333333335 0.5981481481481481 0.3640625 0.5981481481481481
1 0.3541666666666667 0.5425925925925926 0.3390625 0.5425925925925926 0.3390625 0.5740740740740741 0.3541666666666667 0.5740740740740741
1 0.328125 0.5361111111111111 0.3125 0.5361111111111111 0.3125 0.5666666666666667 0.328125 0.5666666666666667
1 0.31666666666666665 0.5703703703703704 0.30520833333333336 0.5703703703703704 0.30520833333333336 0.5962962962962963 0.31666666666666665 0.5962962962962963
1 0.321875 0.7666666666666667 0.3140625 0.7666666666666667 0.3140625 0.787962962962963 0.321875 0.787962962962963
1 0.5979166666666667 0.15833333333333344 0.5776041666666667 0.15833333333333344 0.5776041666666667 0.20833333333333343 0.5979166666666667 0.20833333333333343
1 0.7385416666666667 0.6990740740740743 0.7197916666666667 0.6990740740740743 0.7197916666666667 0.739814814814815 0.7385416666666667 0.739814814814815
1 0.7552083333333334 0.7055555555555557 0.7375 0.7055555555555557 0.7375 0.7500000000000002 0.7552083333333334 0.7500000000000002
1 0.5895833333333333 0.940740740740741 0.5807291666666666 0.940740740740741 0.5807291666666666 0.9666666666666667 0.5895833333333333 0.9666666666666667
1 0.6005208333333333 0.9379629629629632 0.5895833333333333 0.9379629629629632 0.5895833333333333 0.9592592592592593 0.6005208333333333 0.9592592592592593