1 0.5921875 0.9425925925925928 0.5744791666666667 0.9425925925925928 0.5744791666666667 0.975925925925926 0.5921875 0.975925925925926
1 0.5859375 0.9203703703703706 0.5692708333333333 0.9203703703703706 0.5692708333333333 0.9481481481481482 0.5859375 0.9481481481481482
1 0.4666666666666667 0.4287037037037038 0.44427083333333334 0.4287037037037038 0.44427083333333334 0.45740740740740754 0.4666666666666667 0.45740740740740754
1 0.5052083333333334 0.2675925925925927 0.4859375 0.2675925925925927 0.4859375 0.2925925925925927 0.5052083333333334 0.2925925925925927
1 0.5010416666666667 0.2861111111111112 0.48385416666666664 0.2861111111111112 0.48385416666666664 0.30925925925925934 0.5010416666666667 0.30925925925925934
1 0.5088541666666667 0.30277777777777787 0.4895833333333333 0.30277777777777787 0.4895833333333333 0.325925925925926 0.5088541666666667 0.325925925925926
1 0.525 0.325925925925926 0.503125 0.325925925925926 0.503125 0.3555555555555557 0.525 0.3555555555555557
1 0.6645833333333333 0.3490740740740742 0.6484375 0.3490740740740742 0.6484375 0.3712962962962964 0.6645833333333333 0.3712962962962964
1 0.6760416666666667 0.35185185185185197 0.6588541666666666 0.35185185185185197 0.6588541666666666 0.37037037037037046 0.6760416666666667 0.37037037037037046
1 0.6760416666666667 0.33240740740740754 0.6583333333333333 0.33240740740740754 0.6583333333333333 0.35462962962962974 0.6760416666666667 0.35462962962962974
1 0.7760416666666666 0.5453703703703706 0.7567708333333333 0.5453703703703706 0.7567708333333333 0.5740740740740743 0.7760416666666666 0.5740740740740743
1 0.7401041666666667 0.44907407407407424 0.725 0.4490740740740742 0.725 0.4722222222222224 0.7401041666666667 0.47222222222222243
1 0.6796875 0.22407407407407423 0.6635416666666667 0.22407407407407423 0.6635416666666667 0.24351851851851863 0.6796875 0.24351851851851863
1 0.6432291666666666 0.12592592592592608 0.6265625 0.12592592592592608 0.6265625 0.15092592592592607 0.6432291666666666 0.15092592592592607
1 0.5208333333333334 0.1250000000000001 0.5088541666666667 0.1250000000000001 0.5088541666666667 0.14814814814814825 0.5208333333333334 0.14814814814814825
1 0.5322916666666667 0.1361111111111112 0.5177083333333333 0.1361111111111112 0.5177083333333333 0.1611111111111112 0.5322916666666667 0.1611111111111112
1 0.5296875 0.11574074074074085 0.515625 0.11574074074074085 0.515625 0.1361111111111112 0.5296875 0.1361111111111112
1 0.5390625 0.0851851851851853 0.5234375 0.0851851851851853 0.5234375 0.1064814814814816 0.5390625 0.1064814814814816
1 0.37552083333333336 0.4629629629629631 0.35625 0.4629629629629631 0.35625 0.4962962962962963 0.37552083333333336 0.4962962962962963
1 0.37083333333333335 0.700925925925926 0.35052083333333334 0.700925925925926 0.35052083333333334 0.7287037037037037 0.37083333333333335 0.7287037037037037
1 0.3255208333333333 0.7444444444444445 0.30572916666666666 0.7444444444444445 0.30572916666666666 0.7787037037037037 0.3255208333333333 0.7787037037037037