1 0.6296875 0.3537037037037038 0.615625 0.3537037037037038 0.615625 0.3777777777777779 0.6296875 0.3777777777777779
1 0.6401041666666667 0.3296296296296297 0.6229166666666667 0.3296296296296297 0.6229166666666667 0.3555555555555557 0.6401041666666667 0.3555555555555557
1 0.6421875 0.30925925925925934 0.625 0.30925925925925934 0.625 0.33240740740740754 0.6421875 0.33240740740740754
1 0.7020833333333333 0.4166666666666668 0.6776041666666667 0.4166666666666668 0.6776041666666667 0.44444444444444453 0.7020833333333333 0.44444444444444453
1 0.7520833333333333 0.5074074074074076 0.7328125 0.5074074074074076 0.7328125 0.5361111111111113 0.7520833333333333 0.5361111111111113
1 0.721875 0.5564814814814817 0.703125 0.5564814814814817 0.703125 0.5879629629629631 0.721875 0.5879629629629631
1 0.6567708333333333 0.1583333333333335 0.6380208333333334 0.1583333333333335 0.6380208333333334 0.18240740740740757 0.6567708333333333 0.18240740740740757
1 0.6494791666666667 0.14351851851851868 0.634375 0.14351851851851868 0.634375 0.16666666666666682 0.6494791666666667 0.16666666666666682
1 0.4890625 0.388888888888889 0.4635416666666667 0.388888888888889 0.4635416666666667 0.4212962962962964 0.4890625 0.4212962962962964
1 0.4630208333333333 0.34259259259259267 0.44479166666666664 0.34259259259259267 0.44479166666666664 0.36851851851851863 0.4630208333333333 0.36851851851851863
1 0.42083333333333334 0.44166666666666676 0.4078125 0.44166666666666676 0.4078125 0.4666666666666668 0.42083333333333334 0.4666666666666668
1 0.475 0.3601851851851853 0.45 0.3601851851851853 0.45 0.3953703703703705 0.475 0.3953703703703705
1 0.48333333333333334 0.08333333333333344 0.4640625 0.08333333333333344 0.4640625 0.10925925925925936 0.48333333333333334 0.10925925925925936
1 0.49270833333333336 0.09351851851851863 0.4786458333333333 0.09351851851851863 0.4786458333333333 0.11944444444444455 0.49270833333333336 0.11944444444444455
1 0.3848958333333333 0.12314814814814826 0.36770833333333336 0.12314814814814826 0.36770833333333336 0.1462962962962964 0.3848958333333333 0.1462962962962964
1 0.503125 1.0766686442503814e-16 0.4859375 1.0579587625967411e-16 0.4859375 0.011111111111111217 0.503125 0.011111111111111219
1 0.621875 1.3284015974084482e-16 0.5984375 1.302888122426212e-16 0.5984375 0.020370370370370504 0.621875 0.020370370370370507
1 0.5395833333333333 0.8703703703703706 0.5203125000000001 0.8703703703703706 0.5203125000000001 0.8916666666666668 0.5395833333333333 0.8916666666666668
1 0.5421875 0.8861111111111113 0.5276041666666668 0.8861111111111113 0.5276041666666668 0.915740740740741 0.5421875 0.915740740740741
1 0.29739583333333336 0.7694444444444445 0.27395833333333336 0.7694444444444445 0.27395833333333336 0.8046296296296296 0.29739583333333336 0.8046296296296296
1 0.33645833333333336 0.5046296296296297 0.31354166666666666 0.5046296296296297 0.31354166666666666 0.5388888888888889 0.33645833333333336 0.5388888888888889