1 0.4817708333333333 0.725 0.4661458333333333 0.725 0.4661458333333333 0.75 0.4817708333333333 0.75
1 0.46145833333333336 0.7351851851851852 0.45 0.7351851851851852 0.45 0.7574074074074074 0.46145833333333336 0.7574074074074074
1 0.4786458333333333 0.7527777777777778 0.4671875 0.7527777777777778 0.4671875 0.774074074074074 0.4786458333333333 0.774074074074074
1 0.46875 0.7527777777777778 0.45729166666666665 0.7527777777777778 0.45729166666666665 0.7777777777777778 0.46875 0.7777777777777778
1 0.4661458333333333 0.7814814814814814 0.4546875 0.7814814814814814 0.4546875 0.8092592592592592 0.4661458333333333 0.8092592592592592
1 0.503125 0.7703703703703706 0.4875 0.7703703703703706 0.4875 0.7944444444444446 0.503125 0.7944444444444446
1 0.5177083333333333 0.739814814814815 0.5015625 0.739814814814815 0.5015625 0.7638888888888891 0.5177083333333333 0.7638888888888891
1 0.5505208333333333 0.7675925925925928 0.5364583333333334 0.7675925925925928 0.5364583333333334 0.7898148148148151 0.5505208333333333 0.7898148148148151
1 0.5479166666666667 0.8129629629629632 0.5348958333333333 0.8129629629629632 0.5348958333333333 0.8342592592592595 0.5479166666666667 0.8342592592592595
1 0.5463541666666667 0.3777777777777779 0.5369791666666667 0.3777777777777779 0.5369791666666667 0.3972222222222223 0.5463541666666667 0.3972222222222223
1 0.5421875 0.37407407407407417 0.5322916666666667 0.37407407407407417 0.5322916666666667 0.3916666666666668 0.5421875 0.3916666666666668
1 0.4140625 0.44351851851851865 0.4036458333333333 0.44351851851851865 0.4036458333333333 0.45740740740740754 0.4140625 0.45740740740740754
1 0.4239583333333333 0.5027777777777778 0.415625 0.5027777777777778 0.415625 0.5166666666666667 0.4239583333333333 0.5166666666666667
1 0.3770833333333333 0.8083333333333333 0.36822916666666666 0.8083333333333333 0.36822916666666666 0.825925925925926 0.3770833333333333 0.825925925925926
1 0.39947916666666666 0.7685185185185185 0.3848958333333333 0.7685185185185185 0.3848958333333333 0.7935185185185185 0.39947916666666666 0.7935185185185185
1 0.6885416666666667 0.6500000000000002 0.6770833333333334 0.6500000000000002 0.6770833333333334 0.6694444444444446 0.6885416666666667 0.6694444444444446
1 0.6859375 0.6712962962962965 0.6755208333333333 0.6712962962962965 0.6755208333333333 0.6925925925925928 0.6859375 0.6925925925925928
1 0.6770833333333334 0.6703703703703706 0.665625 0.6703703703703706 0.665625 0.6916666666666669 0.6770833333333334 0.6916666666666669
1 0.6645833333333333 0.676851851851852 0.6536458333333334 0.676851851851852 0.6536458333333334 0.6962962962962965 0.6645833333333333 0.6962962962962965
1 0.6817708333333333 0.6925925925925928 0.6677083333333333 0.6925925925925928 0.6677083333333333 0.7120370370370372 0.6817708333333333 0.7120370370370372
1 0.6875 0.7064814814814817 0.6744791666666666 0.7064814814814817 0.6744791666666666 0.7314814814814817 0.6875 0.7314814814814817
1 0.7010416666666667 0.6981481481481484 0.690625 0.6981481481481484 0.690625 0.7194444444444447 0.7010416666666667 0.7194444444444447
1 0.6984375 0.7138888888888891 0.6885416666666667 0.7138888888888891 0.6885416666666667 0.7324074074074076 0.6984375 0.7324074074074076
1 0.6947916666666667 0.7212962962962965 0.6802083333333333 0.7212962962962965 0.6802083333333333 0.7444444444444447 0.6947916666666667 0.7444444444444447
1 0.6958333333333333 0.7537037037037039 0.6848958333333334 0.7537037037037039 0.6848958333333334 0.776851851851852 0.6958333333333333 0.776851851851852
1 0.8619791666666666 0.3314814814814817 0.8546875 0.3314814814814817 0.8546875 0.3518518518518521 0.8619791666666666 0.3518518518518521
1 0.9177083333333333 0.4055555555555558 0.9083333333333333 0.4055555555555558 0.9083333333333333 0.42592592592592615 0.9177083333333333 0.42592592592592615
1 0.9244791666666666 0.41203703703703726 0.9161458333333333 0.41203703703703726 0.9161458333333333 0.42685185185185204 0.9244791666666666 0.42685185185185204
1 0.9354166666666667 0.41851851851851873 0.925 0.41851851851851873 0.925 0.4370370370370372 0.9354166666666667 0.4370370370370372
1 0.8447916666666667 0.42037037037037056 0.8380208333333333 0.42037037037037056 0.8380208333333333 0.43240740740740763 0.8447916666666667 0.43240740740740763
1 0.8484375 0.4287037037037039 0.840625 0.4287037037037039 0.840625 0.44074074074074093 0.8484375 0.44074074074074093
1 0.8552083333333333 0.5685185185185188 0.8484375 0.5685185185185188 0.8484375 0.5842592592592595 0.8552083333333333 0.5842592592592595
1 0.8614583333333333 0.5731481481481484 0.8526041666666667 0.5731481481481484 0.8526041666666667 0.5879629629629631 0.8614583333333333 0.5879629629629631
1 0.9213541666666667 0.5509259259259262 0.9140625 0.5509259259259262 0.9140625 0.5685185185185188 0.9213541666666667 0.5685185185185188
1 0.9171875 0.5629629629629632 0.909375 0.5629629629629632 0.909375 0.5787037037037039 0.9171875 0.5787037037037039
1 0.9104166666666667 0.564814814814815 0.9026041666666667 0.564814814814815 0.9026041666666667 0.5796296296296298 0.9104166666666667 0.5796296296296298
1 0.9520833333333333 0.6370370370370373 0.9411458333333333 0.6370370370370373 0.9411458333333333 0.6564814814814817 0.9520833333333333 0.6564814814814817
1 0.9703125 0.6685185185185187 0.959375 0.6685185185185187 0.959375 0.6861111111111113 0.9703125 0.6861111111111113
1 0.996875 0.6546296296296299 0.9848958333333333 0.6546296296296299 0.9848958333333333 0.6740740740740743 0.996875 0.6740740740740743
1 0.9671875 0.36851851851851875 0.9557291666666666 0.36851851851851875 0.9557291666666666 0.38611111111111135 0.9671875 0.38611111111111135