1 0.6661458333333333 0.38055555555555565 0.646875 0.38055555555555565 0.646875 0.4027777777777779 0.6661458333333333 0.4027777777777779
1 0.6973958333333333 0.413888888888889 0.6776041666666667 0.413888888888889 0.6776041666666667 0.43796296296296305 0.6973958333333333 0.43796296296296305
1 0.675 0.4148148148148149 0.6557291666666667 0.4148148148148149 0.6557291666666667 0.4361111111111112 0.675 0.4361111111111112
1 0.6802083333333333 0.4314814814814816 0.6635416666666667 0.4314814814814816 0.6635416666666667 0.4611111111111112 0.6802083333333333 0.4611111111111112
1 0.7140625 0.42592592592592604 0.6963541666666667 0.42592592592592604 0.6963541666666667 0.4527777777777779 0.7140625 0.4527777777777779
1 0.7171875 0.4527777777777779 0.6953125 0.4527777777777779 0.6953125 0.47777777777777797 0.7171875 0.47777777777777797
1 0.6932291666666667 0.7074074074074076 0.6786458333333333 0.7074074074074076 0.6786458333333333 0.728703703703704 0.6932291666666667 0.728703703703704
1 0.7208333333333333 0.6638888888888891 0.7041666666666667 0.6638888888888891 0.7041666666666667 0.689814814814815 0.7208333333333333 0.689814814814815
1 0.6442708333333333 0.20833333333333348 0.6317708333333333 0.20833333333333348 0.6317708333333333 0.22500000000000014 0.6442708333333333 0.22500000000000014
1 0.6411458333333333 0.22314814814814832 0.6296875 0.22314814814814832 0.6296875 0.23888888888888898 0.6411458333333333 0.23888888888888898
1 0.3104166666666668 0.9083333333333333 0.29322916666666676 0.9083333333333333 0.29322916666666676 0.9398148148148148 0.3104166666666668 0.9398148148148148
1 0.3229166666666668 0.8907407407407407 0.30364583333333345 0.8907407407407407 0.30364583333333345 0.912962962962963 0.3229166666666668 0.912962962962963
1 0.5302083333333335 0.9888888888888889 0.5156250000000001 0.9888888888888889 0.5156250000000001 1 0.5302083333333335 1