1 0.5140625 0.42037037037037045 0.4942708333333333 0.42037037037037045 0.4942708333333333 0.45185185185185195 0.5140625 0.45185185185185195
1 0.465625 0.3296296296296297 0.4453125 0.3296296296296297 0.4453125 0.36203703703703716 0.465625 0.36203703703703716
1 0.47604166666666664 0.30092592592592604 0.4484375 0.30092592592592604 0.4484375 0.3351851851851853 0.47604166666666664 0.3351851851851853
1 0.4479166666666667 0.30925925925925934 0.4265625 0.30925925925925934 0.4265625 0.3416666666666668 0.4479166666666667 0.3416666666666668
1 0.4359375 0.4777777777777778 0.4140625 0.4777777777777778 0.4140625 0.5064814814814815 0.4359375 0.5064814814814815
1 0.48333333333333334 0.5444444444444444 0.4630208333333333 0.5444444444444444 0.4630208333333333 0.5740740740740741 0.48333333333333334 0.5740740740740741
1 0.4140625 0.5259259259259259 0.39427083333333335 0.5259259259259259 0.39427083333333335 0.55 0.4140625 0.55
1 0.284375 0.4898148148148148 0.26250000000000007 0.4898148148148148 0.26250000000000007 0.5203703703703704 0.284375 0.5203703703703704
1 0.2625 0.4037037037037038 0.24322916666666666 0.4037037037037038 0.2432291666666667 0.43333333333333346 0.26250000000000007 0.43333333333333346
1 0.27291666666666664 0.5574074074074075 0.25312500000000004 0.5574074074074075 0.25312500000000004 0.587037037037037 0.27291666666666664 0.587037037037037
1 0.2677083333333333 0.5824074074074074 0.24791666666666673 0.5824074074074074 0.24791666666666673 0.6046296296296296 0.2677083333333333 0.6046296296296296
1 0.4734375 0.7231481481481481 0.4515625 0.7231481481481481 0.4515625 0.7537037037037037 0.4734375 0.7537037037037037
1 0.4578125 0.725925925925926 0.43802083333333336 0.725925925925926 0.43802083333333336 0.7611111111111111 0.4578125 0.7611111111111111
1 0.25729166666666675 0.8407407407407408 0.23385416666666672 0.8407407407407408 0.23385416666666672 0.8648148148148148 0.25729166666666675 0.8648148148148148
1 0.2515625000000001 0.8101851851851852 0.22968750000000007 0.8101851851851852 0.22968750000000007 0.8398148148148148 0.2515625000000001 0.8398148148148148
1 0.2515625000000001 0.9407407407407408 0.23750000000000007 0.9407407407407408 0.23750000000000007 0.9601851851851851 0.2515625000000001 0.9601851851851851
1 0.45677083333333346 0.9268518518518518 0.43333333333333346 0.9268518518518518 0.43333333333333346 0.975 0.45677083333333346 0.975
1 0.5848958333333333 0.7259259259259261 0.5651041666666666 0.7259259259259261 0.5651041666666666 0.7537037037037039 0.5848958333333333 0.7537037037037039
1 0.621875 0.8314814814814817 0.6041666666666666 0.8314814814814817 0.6041666666666666 0.8518518518518521 0.621875 0.8518518518518521
1 0.6880208333333333 0.6009259259259261 0.671875 0.6009259259259261 0.671875 0.6314814814814816 0.6880208333333333 0.6314814814814816