1 0.2734375 0.24351851851851863 0.2421875 0.24351851851851863 0.2421875 0.2879629629629631 0.2734375 0.2879629629629631
1 0.27447916666666666 0.2231481481481482 0.2526041666666667 0.2231481481481482 0.2526041666666667 0.2620370370370371 0.27447916666666666 0.2620370370370371
1 0.3848958333333333 0.08240740740740748 0.35104166666666664 0.08240740740740748 0.35104166666666664 0.13425925925925933 0.3848958333333333 0.13425925925925936
1 0.41822916666666665 0.14537037037037048 0.3953125 0.14537037037037048 0.3953125 0.20185185185185195 0.41822916666666665 0.20185185185185195
1 0.49114583333333334 0.24166666666666678 0.4666666666666667 0.24166666666666678 0.4666666666666667 0.2898148148148149 0.49114583333333334 0.2898148148148149
1 0.7145833333333333 0.40555555555555567 0.6864583333333333 0.40555555555555567 0.6864583333333333 0.46944444444444455 0.7145833333333333 0.46944444444444455
1 0.8635416666666667 0.4212962962962965 0.8401041666666667 0.4212962962962965 0.8401041666666667 0.464814814814815 0.8635416666666667 0.464814814814815
1 0.8765625 0.45833333333333354 0.8598958333333333 0.45833333333333354 0.8598958333333333 0.49166666666666686 0.8765625 0.49166666666666686
1 0.840625 0.4629629629629632 0.8203125 0.4629629629629632 0.8203125 0.5138888888888891 0.840625 0.5138888888888891
1 0.86875 0.502777777777778 0.8541666666666666 0.502777777777778 0.8541666666666666 0.5314814814814817 0.86875 0.5314814814814817
1 0.865625 0.47962962962962985 0.85 0.47962962962962985 0.85 0.5064814814814816 0.865625 0.5064814814814816
1 0.9046875 0.47592592592592614 0.8901041666666667 0.47592592592592614 0.8901041666666667 0.4990740740740743 0.9046875 0.4990740740740743
1 0.8739583333333333 0.4851851851851854 0.8640625 0.4851851851851854 0.8640625 0.5074074074074076 0.8739583333333333 0.5074074074074076
1 0.7848958333333333 0.8861111111111113 0.7703125 0.8861111111111113 0.7703125 0.915740740740741 0.7848958333333333 0.915740740740741
1 0.7729166666666667 0.3879629629629632 0.7546875 0.3879629629629632 0.7546875 0.4250000000000002 0.7729166666666667 0.4250000000000002
1 0.0666666666666667 0.5370370370370371 0.04843750000000003 0.5370370370370371 0.048437500000000036 0.5675925925925925 0.0666666666666667 0.5675925925925925
1 0.06927083333333336 0.5796296296296296 0.04583333333333338 0.5796296296296296 0.04583333333333338 0.6231481481481481 0.06927083333333336 0.6231481481481481
1 0.09218750000000003 0.5777777777777777 0.07552083333333336 0.5777777777777777 0.07552083333333336 0.6027777777777777 0.09218750000000003 0.6027777777777777
1 0.10208333333333336 0.5537037037037037 0.0838541666666667 0.5537037037037037 0.0838541666666667 0.5888888888888889 0.10208333333333336 0.5888888888888889
1 0.2333333333333334 0.8629629629629629 0.21197916666666672 0.8629629629629629 0.21197916666666672 0.9111111111111111 0.2333333333333334 0.9111111111111111
1 0.22500000000000006 0.9287037037037037 0.20104166666666673 0.9287037037037037 0.20104166666666673 0.9675925925925926 0.22500000000000006 0.9675925925925926