1 0.5713541666666667 0.21203703703703713 0.55 0.21203703703703713 0.55 0.25092592592592605 0.5713541666666667 0.25092592592592605
1 0.5401041666666667 0.5296296296296299 0.5192708333333333 0.5296296296296299 0.5192708333333333 0.577777777777778 0.5401041666666667 0.577777777777778
1 0.4828125 0.49537037037037035 0.46510416666666665 0.49537037037037035 0.46510416666666665 0.537962962962963 0.4828125 0.537962962962963
1 0.3958333333333333 0.5027777777777778 0.37552083333333336 0.5027777777777778 0.37552083333333336 0.549074074074074 0.3958333333333333 0.549074074074074
1 0.5286458333333335 0.9111111111111113 0.5140625000000001 0.9111111111111113 0.5140625000000001 0.9555555555555556 0.5286458333333335 0.9555555555555556
1 0.5447916666666667 0.9175925925925928 0.5270833333333335 0.9175925925925928 0.5270833333333335 0.9583333333333334 0.5447916666666667 0.9583333333333334
1 0.6302083333333334 0.9518518518518518 0.6151041666666667 0.9518518518518518 0.6151041666666667 0.9944444444444445 0.6302083333333334 0.9944444444444445
1 0.6510416666666666 0.8509259259259261 0.6364583333333333 0.8509259259259261 0.6364583333333333 0.8879629629629632 0.6510416666666666 0.8879629629629632
1 0.6625 0.8388888888888891 0.6447916666666667 0.8388888888888891 0.6447916666666667 0.8814814814814816 0.6625 0.8814814814814816
1 0.709375 0.8046296296296298 0.6885416666666667 0.8046296296296298 0.6885416666666667 0.8453703703703705 0.709375 0.8453703703703705
1 0.7098958333333333 0.8481481481481483 0.6942708333333333 0.8481481481481483 0.6942708333333333 0.8768518518518521 0.7098958333333333 0.8768518518518521
1 0.6557291666666667 0.5287037037037039 0.6380208333333334 0.5287037037037039 0.6380208333333334 0.5675925925925928 0.6557291666666667 0.5675925925925928
1 0.6671875 0.5055555555555558 0.6447916666666667 0.5055555555555558 0.6447916666666667 0.5500000000000002 0.6671875 0.5500000000000002
1 0.6796875 0.4888888888888891 0.6619791666666667 0.4888888888888891 0.6619791666666667 0.5240740740740742 0.6796875 0.5240740740740742
1 0.6916666666666667 0.5703703703703705 0.6723958333333333 0.5703703703703705 0.6723958333333333 0.6046296296296299 0.6916666666666667 0.6046296296296299
1 0.8135416666666667 0.5175925925925928 0.7958333333333333 0.5175925925925928 0.7958333333333333 0.5462962962962965 0.8135416666666667 0.5462962962962965
1 0.8182291666666667 0.5472222222222224 0.7973958333333333 0.5472222222222224 0.7973958333333333 0.5870370370370372 0.8182291666666667 0.5870370370370372
1 0.7432291666666667 0.43148148148148163 0.7229166666666667 0.4314814814814816 0.7229166666666667 0.47129629629629644 0.7432291666666667 0.4712962962962965
1 0.7192708333333333 0.16481481481481497 0.7046875 0.16481481481481497 0.7046875 0.19907407407407424 0.7192708333333333 0.19907407407407424
1 0.6880208333333333 0.20833333333333348 0.6755208333333333 0.20833333333333348 0.6755208333333333 0.23518518518518533 0.6880208333333333 0.23518518518518533
1 0.7890625 0.26574074074074094 0.7734375 0.26574074074074094 0.7734375 0.3037037037037039 0.7890625 0.3037037037037039
1 0.26979166666666676 0.8611111111111112 0.2536458333333334 0.8611111111111112 0.2536458333333334 0.9018518518518519 0.26979166666666676 0.9018518518518519
1 0.18177083333333335 0.412962962962963 0.1640625 0.412962962962963 0.16406250000000003 0.4462962962962963 0.18177083333333338 0.4462962962962963
1 0.17031250000000006 0.43148148148148147 0.15156250000000007 0.43148148148148147 0.15156250000000007 0.46574074074074073 0.17031250000000006 0.46574074074074073
1 0.8432291666666667 0.5037037037037039 0.8255208333333334 0.5037037037037039 0.8255208333333334 0.540740740740741 0.8432291666666667 0.540740740740741
1 0.5026041666666666 0.7222222222222223 0.4817708333333333 0.7222222222222222 0.4817708333333333 0.7703703703703705 0.5026041666666666 0.7703703703703706
1 0.48125 0.7194444444444444 0.4609375 0.7194444444444444 0.4609375 0.7638888888888888 0.48125 0.7638888888888888
1 0.4901041666666668 0.9314814814814816 0.47812500000000013 0.9314814814814815 0.47812500000000013 0.9592592592592593 0.4901041666666668 0.9592592592592593
1 0.5000000000000001 0.9111111111111113 0.48854166666666676 0.9111111111111113 0.48854166666666676 0.9425925925925928 0.5000000000000001 0.9425925925925928
1 0.3937500000000001 0.9472222222222222 0.3854166666666668 0.9472222222222222 0.3854166666666668 0.9805555555555555 0.3937500000000001 0.9805555555555555