1 0.7135416666666666 0.5425925925925928 0.6947916666666667 0.5425925925925928 0.6947916666666667 0.5703703703703705 0.7135416666666666 0.5703703703703705
1 0.6348958333333333 0.30462962962962975 0.6177083333333333 0.30462962962962975 0.6177083333333333 0.338888888888889 0.6348958333333333 0.338888888888889
1 0.7609375 0.3379629629629632 0.7432291666666667 0.3379629629629632 0.7432291666666667 0.36944444444444463 0.7609375 0.36944444444444463
1 0.7604166666666666 0.27314814814814836 0.7421875 0.27314814814814836 0.7421875 0.30462962962962986 0.7604166666666666 0.30462962962962986
1 0.7692708333333333 0.22870370370370385 0.75 0.22870370370370385 0.75 0.25740740740740764 0.7692708333333333 0.25740740740740764
1 0.48125 1.0296104570609229e-16 0.46458333333333335 1.0114675415179991e-16 0.46458333333333335 0.014814814814814916 0.48125 0.01481481481481492
1 0.6765625 0.5453703703703706 0.6578125 0.5453703703703706 0.6578125 0.5740740740740743 0.6765625 0.5740740740740743
1 0.7098958333333333 0.6009259259259261 0.6916666666666667 0.6009259259259261 0.6916666666666667 0.6203703703703706 0.7098958333333333 0.6203703703703706
1 0.6911458333333333 0.6453703703703706 0.6786458333333333 0.6453703703703706 0.6786458333333333 0.6694444444444446 0.6911458333333333 0.6694444444444446
1 0.684375 0.6500000000000002 0.6734375 0.6500000000000002 0.6734375 0.6666666666666669 0.684375 0.6666666666666669
1 0.6765625 0.8851851851851854 0.6619791666666667 0.8851851851851854 0.6619791666666667 0.9009259259259261 0.6765625 0.9009259259259261
1 0.5953125 0.8416666666666669 0.5838541666666667 0.8416666666666669 0.5838541666666667 0.8611111111111113 0.5953125 0.8611111111111113
1 0.5921875 0.801851851851852 0.5822916666666667 0.801851851851852 0.5822916666666667 0.8166666666666669 0.5921875 0.8166666666666669
1 0.6265625 0.8194444444444446 0.6145833333333334 0.8194444444444446 0.6145833333333334 0.8333333333333336 0.6265625 0.8333333333333336
1 0.6109375 0.877777777777778 0.5989583333333334 0.877777777777778 0.5989583333333334 0.8972222222222225 0.6109375 0.8972222222222225
1 0.5833333333333334 0.8722222222222225 0.571875 0.8722222222222225 0.571875 0.8907407407407409 0.5833333333333334 0.8907407407407409
1 0.5729166666666666 0.8944444444444447 0.5614583333333333 0.8944444444444447 0.5614583333333333 0.9083333333333335 0.5729166666666666 0.9083333333333335
1 0.5729166666666666 0.8833333333333335 0.5640625 0.8833333333333335 0.5640625 0.8962962962962965 0.5729166666666666 0.8962962962962965
1 0.5020833333333334 0.8453703703703705 0.49270833333333336 0.8453703703703705 0.4927083333333334 0.8611111111111113 0.5020833333333334 0.8611111111111113
1 0.4895833333333333 0.8175925925925926 0.48020833333333335 0.8175925925925925 0.48020833333333335 0.8287037037037038 0.4895833333333333 0.8287037037037039
1 0.5807291666666666 0.939814814814815 0.5697916666666667 0.939814814814815 0.5697916666666667 0.9564814814814815 0.5807291666666666 0.9564814814814815
1 0.5677083333333334 0.9731481481481481 0.5578125 0.9731481481481481 0.5578125 0.9907407407407407 0.5677083333333334 0.9907407407407407
1 0.6395833333333333 0.9824074074074074 0.6291666666666667 0.9824074074074074 0.6291666666666667 1 0.6395833333333333 1
1 0.6703125 0.9916666666666667 0.6619791666666667 0.9916666666666667 0.6619791666666667 1 0.6703125 1
1 0.6875 0.9490740740740741 0.6796875 0.9490740740740741 0.6796875 0.9629629629629629 0.6875 0.9629629629629629
1 0.7385416666666667 0.9944444444444445 0.7286458333333333 0.9944444444444445 0.7286458333333333 1 0.7385416666666667 1
1 0.6848958333333334 0.9296296296296298 0.675 0.9296296296296298 0.675 0.9379629629629632 0.6848958333333334 0.9379629629629632
1 0.7588541666666667 0.06851851851851867 0.73125 0.06851851851851867 0.73125 0.10092592592592609 0.7588541666666667 0.10092592592592609
1 0.7255208333333333 0.17500000000000016 0.7036458333333333 0.17500000000000016 0.7036458333333333 0.20833333333333348 0.7255208333333333 0.20833333333333348
1 0.740625 0.16481481481481497 0.7182291666666667 0.16481481481481497 0.7182291666666667 0.19259259259259276 0.740625 0.19259259259259276