1 0.7286458333333333 0.8694444444444447 0.7072916666666667 0.8694444444444447 0.7072916666666667 0.915740740740741 0.7286458333333333 0.915740740740741
1 0.85625 0.8574074074074076 0.83125 0.8574074074074076 0.83125 0.9120370370370372 0.85625 0.9120370370370372
1 0.8380208333333333 0.8611111111111113 0.8208333333333333 0.8611111111111113 0.8208333333333333 0.9037037037037039 0.8380208333333333 0.9037037037037039
1 0.9479166666666666 0.8768518518518521 0.9192708333333334 0.8768518518518521 0.9192708333333334 0.9240740740740743 0.9479166666666666 0.9240740740740743
1 0.9239583333333333 0.9305555555555558 0.9026041666666667 0.9305555555555558 0.9026041666666667 0.975 0.9239583333333333 0.975
1 0.9223958333333333 0.9851851851851852 0.8901041666666667 0.9851851851851852 0.8901041666666667 1 0.9223958333333333 1
1 0.9661458333333334 0.6287037037037039 0.9385416666666667 0.6287037037037039 0.9385416666666667 0.6805555555555558 0.9661458333333334 0.6805555555555558
1 1 0.6444444444444447 0.9828125 0.6444444444444447 0.9828125 0.6833333333333336 1 0.6833333333333336
1 0.9921875 0.5537037037037039 0.9651041666666667 0.5537037037037039 0.9651041666666667 0.603703703703704 0.9921875 0.603703703703704
1 0.9901041666666667 0.6018518518518521 0.9723958333333333 0.6018518518518521 0.9723958333333333 0.6444444444444447 0.9901041666666667 0.6444444444444447
1 0.9890625 0.9250000000000002 0.9713541666666666 0.9250000000000002 0.9713541666666666 0.9601851851851856 0.9890625 0.9601851851851856
1 0.7651041666666667 0.3518518518518521 0.7427083333333333 0.3518518518518521 0.7427083333333333 0.3972222222222224 0.7651041666666667 0.3972222222222224
1 0.8604166666666667 0.3388888888888891 0.8395833333333333 0.3388888888888891 0.8395833333333333 0.3740740740740743 0.8604166666666667 0.3740740740740743