1 0.3546875000000001 0.9740740740740741 0.34218750000000014 0.9740740740740741 0.34218750000000014 0.9953703703703703 0.3546875000000001 0.9953703703703703
1 0.35312500000000013 0.9398148148148148 0.3463541666666668 0.9398148148148148 0.3463541666666668 0.9472222222222222 0.35312500000000013 0.9472222222222222
1 0.3640625000000001 0.899074074074074 0.3541666666666668 0.899074074074074 0.3541666666666668 0.9166666666666666 0.3640625000000001 0.9166666666666666
1 0.4203125 0.7712962962962963 0.41354166666666664 0.7712962962962963 0.41354166666666664 0.7805555555555556 0.4203125 0.7805555555555556
1 0.4270833333333333 0.7509259259259259 0.42083333333333334 0.7509259259259259 0.42083333333333334 0.7601851851851852 0.4270833333333333 0.7601851851851852
1 0.4317708333333333 0.7407407407407407 0.4265625 0.7407407407407407 0.4265625 0.7472222222222222 0.4317708333333333 0.7472222222222222
1 0.4005208333333333 0.7861111111111111 0.39427083333333335 0.7861111111111111 0.39427083333333335 0.7935185185185185 0.4005208333333333 0.7935185185185185
1 0.41041666666666665 0.7509259259259259 0.4036458333333333 0.7509259259259259 0.4036458333333333 0.7601851851851852 0.41041666666666665 0.7601851851851852
1 0.3734375 0.7546296296296297 0.36666666666666664 0.7546296296296297 0.36666666666666664 0.7648148148148148 0.3734375 0.7648148148148148
1 0.3932291666666667 0.6935185185185185 0.38645833333333335 0.6935185185185185 0.38645833333333335 0.7018518518518518 0.3932291666666667 0.7018518518518518
1 0.37395833333333334 0.6907407407407408 0.3671875 0.6907407407407408 0.3671875 0.7 0.37395833333333334 0.7
1 0.4276041666666667 0.7129629629629629 0.42239583333333336 0.7129629629629629 0.42239583333333336 0.7203703703703703 0.4276041666666667 0.7203703703703703
1 0.434375 0.6935185185185185 0.428125 0.6935185185185185 0.428125 0.7018518518518518 0.434375 0.7018518518518518
1 0.36354166666666665 0.6231481481481481 0.35885416666666664 0.6231481481481481 0.35885416666666664 0.6314814814814815 0.36354166666666665 0.6314814814814815
1 0.34270833333333334 0.5546296296296296 0.33541666666666664 0.5546296296296296 0.33541666666666664 0.562962962962963 0.34270833333333334 0.562962962962963
1 0.34479166666666666 0.6361111111111111 0.3390625 0.6361111111111111 0.3390625 0.6444444444444445 0.34479166666666666 0.6444444444444445
1 0.37916666666666665 0.5583333333333333 0.3729166666666667 0.5583333333333333 0.3729166666666667 0.5657407407407408 0.37916666666666665 0.5657407407407408
1 0.3692708333333333 0.575925925925926 0.3640625 0.575925925925926 0.3640625 0.5824074074074074 0.3692708333333333 0.5824074074074074
1 0.41354166666666664 0.5462962962962963 0.4088541666666667 0.5462962962962963 0.4088541666666667 0.5537037037037037 0.41354166666666664 0.5537037037037037
1 0.4234375 0.5935185185185186 0.41822916666666665 0.5935185185185186 0.41822916666666665 0.6037037037037037 0.4234375 0.6037037037037037
1 0.44166666666666665 0.662962962962963 0.4354166666666667 0.662962962962963 0.4354166666666667 0.6722222222222223 0.44166666666666665 0.6722222222222223
1 0.44583333333333336 0.5675925925925925 0.44114583333333335 0.5675925925925925 0.44114583333333335 0.575 0.44583333333333336 0.575
1 0.43645833333333334 0.5388888888888889 0.43072916666666666 0.5388888888888889 0.43072916666666666 0.5444444444444444 0.43645833333333334 0.5444444444444444