1 0.42083333333333334 0.3972222222222223 0.3963541666666667 0.3972222222222223 0.3963541666666667 0.4564814814814816 0.42083333333333334 0.4564814814814816
1 0.390625 0.43796296296296305 0.35885416666666664 0.43796296296296305 0.35885416666666664 0.5037037037037037 0.390625 0.5037037037037037
1 0.37395833333333334 0.33425925925925937 0.34739583333333335 0.33425925925925937 0.34739583333333335 0.4111111111111112 0.37395833333333334 0.4111111111111112
1 0.334375 0.3601851851851853 0.30885416666666665 0.3601851851851853 0.30885416666666665 0.413888888888889 0.334375 0.413888888888889
1 0.3026041666666667 0.4629629629629631 0.271875 0.4629629629629631 0.271875 0.5342592592592592 0.3026041666666667 0.5342592592592592
1 0.23750000000000002 0.387037037037037 0.20572916666666666 0.387037037037037 0.20572916666666669 0.43703703703703706 0.23750000000000007 0.43703703703703706
1 0.2520833333333333 0.03888888888888894 0.23020833333333332 0.03888888888888894 0.23020833333333332 0.09351851851851857 0.2520833333333333 0.09351851851851857
1 0.3411458333333333 0.09722222222222231 0.31614583333333335 0.09722222222222231 0.31614583333333335 0.16018518518518524 0.3411458333333333 0.16018518518518524
1 0.4083333333333333 0.1250000000000001 0.38697916666666665 0.1250000000000001 0.38697916666666665 0.17222222222222233 0.4083333333333333 0.17222222222222233
1 0.5088541666666667 0.2324074074074075 0.4796875 0.2324074074074075 0.4796875 0.28055555555555567 0.5088541666666667 0.28055555555555567
1 0.415625 8.725608443924893e-17 0.3859375 8.402437760816562e-17 0.3859375 0.024074074074074164 0.415625 0.024074074074074168
1 0.5630208333333333 0.6805555555555558 0.5390625 0.6805555555555558 0.5390625 0.7351851851851854 0.5630208333333333 0.7351851851851854
1 0.5963541666666666 0.8185185185185188 0.5682291666666667 0.8185185185185188 0.5682291666666667 0.8712962962962965 0.5963541666666666 0.8712962962962965
1 0.8041666666666667 0.702777777777778 0.771875 0.702777777777778 0.771875 0.7694444444444447 0.8041666666666667 0.7694444444444447
1 0.9375 0.16574074074074094 0.9067708333333333 0.16574074074074094 0.9067708333333333 0.22222222222222243 0.9375 0.22222222222222243
1 1 0.8074074074074076 0.9666666666666667 0.8074074074074076 0.9666666666666667 0.8666666666666669 1 0.8666666666666669