1 0.6552083333333333 0.10370370370370384 0.6223958333333334 0.10370370370370384 0.6223958333333334 0.176851851851852 0.6552083333333333 0.176851851851852
1 0.6427083333333333 0.06481481481481495 0.6067708333333334 0.06481481481481495 0.6067708333333334 0.14259259259259274 0.6427083333333333 0.14259259259259274
1 0.4765625 0.24351851851851863 0.44583333333333336 0.24351851851851863 0.44583333333333336 0.31944444444444453 0.4765625 0.31944444444444453
1 0.425 0.17592592592592604 0.396875 0.17592592592592604 0.396875 0.22777777777777788 0.425 0.22777777777777788
1 0.42291666666666666 0.31203703703703717 0.39739583333333334 0.31203703703703717 0.39739583333333334 0.3712962962962964 0.42291666666666666 0.3712962962962964
1 0.4484375 0.4685185185185186 0.425 0.4685185185185186 0.425 0.5138888888888888 0.4484375 0.5138888888888888
1 0.44635416666666666 0.5703703703703704 0.42864583333333334 0.5703703703703704 0.42864583333333334 0.6129629629629629 0.44635416666666666 0.6129629629629629
1 0.6260416666666667 0.8657407407407409 0.5927083333333333 0.8657407407407409 0.5927083333333333 0.9379629629629632 0.6260416666666667 0.9379629629629632
1 0.2911458333333333 0.7435185185185185 0.26666666666666666 0.7435185185185185 0.26666666666666666 0.8 0.2911458333333333 0.8
1 0.07656250000000003 0.549074074074074 0.04947916666666671 0.549074074074074 0.04947916666666671 0.5962962962962963 0.07656250000000003 0.5962962962962963
1 0.09114583333333336 0.5259259259259259 0.06770833333333336 0.5259259259259259 0.06770833333333336 0.5685185185185185 0.09114583333333336 0.5685185185185185
1 0.1322916666666667 0.5777777777777777 0.10833333333333336 0.5777777777777777 0.10833333333333336 0.6268518518518519 0.1322916666666667 0.6268518518518519
1 0.0838541666666667 0.5898148148148148 0.06302083333333337 0.5898148148148148 0.06302083333333337 0.6305555555555555 0.0838541666666667 0.6305555555555555
1 0.07187500000000005 0.6138888888888889 0.043229166666666714 0.6138888888888889 0.043229166666666714 0.6722222222222223 0.07187500000000006 0.6722222222222223
1 0.09687500000000004 0.6111111111111112 0.0729166666666667 0.6111111111111112 0.07291666666666671 0.6666666666666666 0.09687500000000006 0.6666666666666666
1 0.1432291666666667 0.8305555555555556 0.1192708333333334 0.8305555555555556 0.1192708333333334 0.875 0.1432291666666667 0.875
1 0.11562500000000006 0.862037037037037 0.09739583333333339 0.862037037037037 0.09739583333333339 0.912962962962963 0.11562500000000006 0.912962962962963
1 0.1364583333333334 0.9388888888888889 0.11250000000000006 0.9388888888888889 0.11250000000000006 0.9833333333333333 0.1364583333333334 0.9833333333333333
1 0.2411458333333334 0.825925925925926 0.2192708333333334 0.825925925925926 0.2192708333333334 0.8731481481481481 0.2411458333333334 0.8731481481481481