1 0.6171875 0.527777777777778 0.5994791666666667 0.527777777777778 0.5994791666666667 0.5638888888888891 0.6171875 0.5638888888888891
1 0.6390625 0.5092592592592595 0.6213541666666667 0.5092592592592595 0.6213541666666667 0.5453703703703706 0.6390625 0.5453703703703706
1 0.6692708333333334 0.413888888888889 0.6484375 0.413888888888889 0.6484375 0.450925925925926 0.6692708333333334 0.450925925925926
1 0.6614583333333334 0.5814814814814817 0.6458333333333334 0.5814814814814817 0.6458333333333334 0.6120370370370373 0.6614583333333334 0.6120370370370373
1 0.6583333333333333 0.5944444444444447 0.640625 0.5944444444444447 0.640625 0.6259259259259261 0.6583333333333333 0.6259259259259261
1 0.6338541666666667 0.7407407407407409 0.6197916666666666 0.7407407407407409 0.6197916666666666 0.7722222222222225 0.6338541666666667 0.7722222222222225
1 0.6578125 0.7000000000000002 0.6427083333333333 0.7000000000000002 0.6427083333333333 0.7240740740740743 0.6578125 0.7240740740740743
1 0.6723958333333333 0.6712962962962965 0.6572916666666667 0.6712962962962965 0.6572916666666667 0.6962962962962965 0.6723958333333333 0.6962962962962965
1 0.6875 0.690740740740741 0.6739583333333333 0.690740740740741 0.6739583333333333 0.7185185185185188 0.6875 0.7185185185185188
1 0.6223958333333334 0.7351851851851854 0.6083333333333333 0.7351851851851854 0.6083333333333333 0.7611111111111113 0.6223958333333334 0.7611111111111113
1 0.6171875 0.7185185185185188 0.6010416666666667 0.7185185185185188 0.6010416666666667 0.7462962962962965 0.6171875 0.7462962962962965