1 0.5432291666666667 0.5916666666666669 0.5317708333333333 0.5916666666666669 0.5317708333333333 0.6083333333333335 0.5432291666666667 0.6083333333333335
1 0.5276041666666667 0.5925925925925928 0.5182291666666666 0.5925925925925928 0.5182291666666666 0.6120370370370373 0.5276041666666667 0.6120370370370373
1 0.5130208333333334 0.6138888888888892 0.503125 0.6138888888888892 0.503125 0.6324074074074076 0.5130208333333334 0.6324074074074076
1 0.4973958333333333 0.6351851851851854 0.48541666666666666 0.6351851851851854 0.48541666666666666 0.651851851851852 0.4973958333333333 0.651851851851852
1 0.46927083333333336 0.6240740740740741 0.46145833333333336 0.6240740740740741 0.46145833333333336 0.6398148148148148 0.46927083333333336 0.6398148148148148
1 0.46145833333333336 0.6388888888888888 0.4505208333333333 0.6388888888888888 0.4505208333333333 0.6601851851851852 0.46145833333333336 0.6601851851851852
1 0.440625 0.6620370370370371 0.4317708333333333 0.6620370370370371 0.4317708333333333 0.6814814814814815 0.440625 0.6814814814814815
1 0.46197916666666666 0.6861111111111111 0.45364583333333336 0.6861111111111111 0.45364583333333336 0.7064814814814815 0.46197916666666666 0.7064814814814815
1 0.5161458333333333 0.7361111111111113 0.5067708333333333 0.7361111111111113 0.5067708333333333 0.7574074074074076 0.5161458333333333 0.7574074074074076
1 0.5208333333333334 0.7925925925925928 0.509375 0.7925925925925928 0.509375 0.8129629629629632 0.5208333333333334 0.8129629629629632
1 0.4609375 0.799074074074074 0.45208333333333334 0.799074074074074 0.45208333333333334 0.8166666666666667 0.4609375 0.8166666666666667
1 0.43020833333333336 0.7194444444444444 0.42239583333333336 0.7194444444444444 0.42239583333333336 0.7342592592592593 0.43020833333333336 0.7342592592592593
1 0.659375 0.6611111111111113 0.6520833333333333 0.6611111111111113 0.6520833333333333 0.6824074074074076 0.659375 0.6824074074074076
1 0.65 0.7759259259259261 0.6432291666666666 0.7759259259259261 0.6432291666666666 0.7953703703703706 0.65 0.7953703703703706
1 0.6348958333333333 0.8074074074074076 0.6286458333333333 0.8074074074074076 0.6286458333333333 0.8212962962962965 0.6348958333333333 0.8212962962962965
1 0.6322916666666667 0.8046296296296298 0.6244791666666667 0.8046296296296298 0.6244791666666667 0.8240740740740743 0.6322916666666667 0.8240740740740743
1 0.6442708333333333 0.8805555555555558 0.6375 0.8805555555555558 0.6375 0.8990740740740742 0.6442708333333333 0.8990740740740742
1 0.6390625 0.8833333333333335 0.6307291666666667 0.8833333333333335 0.6307291666666667 0.9000000000000002 0.6390625 0.9000000000000002
1 0.6520833333333333 0.8879629629629632 0.6453125 0.8879629629629632 0.6453125 0.9046296296296299 0.6520833333333333 0.9046296296296299
1 0.6557291666666667 0.8944444444444447 0.6489583333333333 0.8944444444444447 0.6489583333333333 0.9138888888888891 0.6557291666666667 0.9138888888888891
1 0.5776041666666667 0.8833333333333335 0.5703125 0.8833333333333335 0.5703125 0.9037037037037039 0.5776041666666667 0.9037037037037039
1 0.5442708333333334 0.8620370370370373 0.5317708333333334 0.8620370370370373 0.5317708333333334 0.8805555555555558 0.5442708333333334 0.8805555555555558
1 0.5187500000000002 0.8898148148148151 0.5088541666666668 0.8898148148148151 0.5088541666666668 0.9055555555555558 0.5187500000000002 0.9055555555555558
1 0.5171875000000001 0.9000000000000002 0.5067708333333335 0.9000000000000002 0.5067708333333335 0.9240740740740743 0.5171875000000001 0.9240740740740743
1 0.11979166666666673 0.7324074074074074 0.10312500000000006 0.7324074074074074 0.10312500000000006 0.762962962962963 0.11979166666666673 0.762962962962963
1 0.09010416666666672 0.6981481481481482 0.0755208333333334 0.6981481481481482 0.0755208333333334 0.7314814814814815 0.09010416666666672 0.7314814814814815
1 0.1354166666666667 0.9731481481481481 0.11875000000000006 0.9731481481481481 0.11875000000000006 1 0.1354166666666667 1
1 0.09166666666666673 0.9796296296296296 0.07812500000000006 0.9796296296296296 0.07812500000000006 1 0.09166666666666673 1
1 0.0239583333333334 0.9138888888888889 0.007812500000000062 0.9138888888888889 0.007812500000000064 0.9472222222222222 0.0239583333333334 0.9472222222222222
1 0.26354166666666673 0.8694444444444445 0.24843750000000006 0.8694444444444445 0.24843750000000006 0.9037037037037037 0.26354166666666673 0.9037037037037037
1 0.29531250000000014 0.8648148148148148 0.2869791666666668 0.8648148148148148 0.2869791666666668 0.8944444444444445 0.29531250000000014 0.8944444444444445
1 0.32343750000000004 0.8333333333333334 0.31302083333333336 0.8333333333333334 0.3130208333333334 0.8601851851851852 0.3234375000000001 0.8601851851851852
1 0.32395833333333335 0.825 0.31197916666666664 0.825 0.31197916666666664 0.8472222222222222 0.32395833333333335 0.8472222222222222
1 0.26979166666666665 0.799074074074074 0.2567708333333334 0.799074074074074 0.2567708333333334 0.8305555555555556 0.26979166666666665 0.8305555555555556
1 0.6359375 0.5722222222222224 0.6296875 0.5722222222222224 0.6296875 0.5833333333333336 0.6359375 0.5833333333333336
1 0.6645833333333333 0.6000000000000002 0.6578125 0.6000000000000002 0.6578125 0.614814814814815 0.6645833333333333 0.614814814814815
1 0.6052083333333333 0.6685185185185187 0.5994791666666667 0.6685185185185187 0.5994791666666667 0.6824074074074076 0.6052083333333333 0.6824074074074076
1 0.5869791666666667 0.8259259259259262 0.5796875 0.8259259259259262 0.5796875 0.8407407407407409 0.5869791666666667 0.8407407407407409
1 0.9671875 0.3101851851851854 0.9427083333333334 0.3101851851851854 0.9427083333333334 0.3601851851851854 0.9671875 0.3601851851851854
1 0.8984375 0.4000000000000002 0.8791666666666667 0.4000000000000002 0.8791666666666667 0.4425925925925928 0.8984375 0.4425925925925928