1 0.6536458333333334 0.30462962962962975 0.6354166666666666 0.30462962962962975 0.6354166666666666 0.33703703703703713 0.6536458333333334 0.33703703703703713
1 0.5984375 0.2712962962962964 0.5817708333333333 0.2712962962962964 0.5817708333333333 0.2962962962962964 0.5984375 0.2962962962962964
1 0.6067708333333334 0.23888888888888898 0.5916666666666667 0.23888888888888898 0.5916666666666667 0.26574074074074083 0.6067708333333334 0.26574074074074083
1 0.6166666666666667 0.25185185185185194 0.6020833333333333 0.25185185185185194 0.6020833333333333 0.2722222222222223 0.6166666666666667 0.2722222222222223
1 0.6098958333333333 0.28055555555555567 0.5979166666666667 0.28055555555555567 0.5979166666666667 0.301851851851852 0.6098958333333333 0.301851851851852
1 0.6145833333333334 0.263888888888889 0.6 0.263888888888889 0.6 0.2861111111111112 0.6145833333333334 0.2861111111111112
1 0.5401041666666667 0.388888888888889 0.5255208333333333 0.388888888888889 0.5255208333333333 0.413888888888889 0.5401041666666667 0.413888888888889
1 0.5182291666666666 0.2712962962962964 0.503125 0.2712962962962964 0.503125 0.29537037037037045 0.5182291666666666 0.29537037037037045
1 0.45208333333333334 0.1324074074074075 0.4375 0.1324074074074075 0.4375 0.163888888888889 0.45208333333333334 0.163888888888889
1 0.46458333333333335 0.12592592592592602 0.4510416666666667 0.12592592592592602 0.4510416666666667 0.14722222222222234 0.46458333333333335 0.14722222222222234
1 0.4973958333333333 0.5425925925925928 0.48385416666666664 0.5425925925925928 0.48385416666666664 0.5638888888888891 0.4973958333333333 0.5638888888888891
1 0.5630208333333333 0.6666666666666669 0.5510416666666667 0.6666666666666669 0.5510416666666667 0.6842592592592595 0.5630208333333333 0.6842592592592595
1 0.353125 0.6037037037037037 0.340625 0.6037037037037037 0.340625 0.6305555555555555 0.353125 0.6305555555555555
1 0.42916666666666664 0.4324074074074075 0.41770833333333335 0.4324074074074075 0.41770833333333335 0.4527777777777779 0.42916666666666664 0.4527777777777779
1 0.3015625 0.3111111111111112 0.2921875 0.3111111111111112 0.2921875 0.325925925925926 0.3015625 0.325925925925926
1 0.2921875 0.31203703703703717 0.2833333333333333 0.31203703703703717 0.2833333333333333 0.32870370370370383 0.2921875 0.32870370370370383
1 0.28802083333333334 0.3537037037037038 0.28177083333333336 0.3537037037037038 0.28177083333333336 0.3694444444444446 0.28802083333333334 0.3694444444444446
1 0.28125 0.36203703703703716 0.26979166666666665 0.36203703703703716 0.26979166666666665 0.38981481481481495 0.28125 0.38981481481481495