1 0.4942708333333333 0.43333333333333346 0.4625 0.43333333333333346 0.4625 0.4925925925925927 0.4942708333333333 0.4925925925925928
1 0.5786458333333333 0.8546296296296299 0.5588541666666667 0.8546296296296299 0.5588541666666667 0.901851851851852 0.5786458333333333 0.901851851851852
1 0.5916666666666667 0.8583333333333335 0.575 0.8583333333333335 0.575 0.8944444444444447 0.5916666666666667 0.8944444444444447
1 0.6197916666666666 0.8833333333333335 0.6026041666666667 0.8833333333333335 0.6026041666666667 0.9166666666666669 0.6197916666666666 0.9166666666666669
1 0.6192708333333333 0.45185185185185195 0.5994791666666667 0.45185185185185195 0.5994791666666667 0.490740740740741 0.6192708333333333 0.490740740740741
1 0.6427083333333333 0.4787037037037039 0.6161458333333333 0.4787037037037039 0.6161458333333333 0.527777777777778 0.6427083333333333 0.527777777777778
1 0.7276041666666667 0.46851851851851867 0.7057291666666666 0.4685185185185186 0.7057291666666666 0.5111111111111113 0.7276041666666667 0.5111111111111113
1 0.7151041666666667 0.49351851851851875 0.6963541666666667 0.49351851851851875 0.6963541666666667 0.5296296296296299 0.7151041666666667 0.5296296296296299
1 0.22395833333333334 0.17777777777777784 0.20364583333333333 0.17777777777777784 0.20364583333333333 0.2194444444444445 0.22395833333333334 0.2194444444444445
1 0.13489583333333333 0.3277777777777778 0.10937500000000003 0.3277777777777778 0.10937500000000003 0.36944444444444446 0.13489583333333333 0.36944444444444446
1 0.14322916666666666 0.3055555555555556 0.12395833333333336 0.3055555555555556 0.12395833333333336 0.3435185185185185 0.14322916666666666 0.3435185185185185
1 0.31197916666666664 0.30462962962962975 0.29010416666666666 0.30462962962962975 0.29010416666666666 0.3472222222222223 0.31197916666666664 0.3472222222222223