1 0.4744791666666667 0.3712962962962964 0.45677083333333335 0.3712962962962964 0.45677083333333335 0.4027777777777779 0.4744791666666667 0.4027777777777779
1 0.37916666666666665 0.43425925925925934 0.3651041666666667 0.43425925925925934 0.3651041666666667 0.4648148148148149 0.37916666666666665 0.4648148148148149
1 0.396875 0.4351851851851853 0.38385416666666666 0.4351851851851853 0.38385416666666666 0.46944444444444455 0.396875 0.46944444444444455
1 0.409375 0.44537037037037047 0.396875 0.44537037037037047 0.396875 0.48148148148148145 0.409375 0.48148148148148145
1 0.43125 0.4703703703703705 0.4114583333333333 0.4703703703703705 0.4114583333333333 0.5064814814814815 0.43125 0.5064814814814815
1 0.4161458333333333 0.7361111111111112 0.40625 0.7361111111111112 0.40625 0.7675925925925926 0.4161458333333333 0.7675925925925926
1 0.4114583333333333 0.7453703703703703 0.39895833333333336 0.7453703703703703 0.39895833333333336 0.7870370370370371 0.4114583333333333 0.7870370370370371
1 0.4005208333333333 0.7574074074074074 0.3880208333333333 0.7574074074074074 0.3880208333333333 0.7861111111111111 0.4005208333333333 0.7861111111111111
1 0.46510416666666676 0.8648148148148148 0.4505208333333334 0.8648148148148148 0.4505208333333334 0.9009259259259259 0.46510416666666676 0.9009259259259259
1 0.5390625 0.9129629629629632 0.5192708333333335 0.9129629629629632 0.5192708333333335 0.9518518518518518 0.5390625 0.9518518518518518
1 0.5057291666666668 0.9694444444444444 0.48645833333333344 0.9694444444444444 0.48645833333333344 1 0.5057291666666668 1
1 0.321875 0.7731481481481481 0.3125 0.7731481481481481 0.3125 0.8 0.321875 0.8
1 0.31614583333333335 0.7638888888888888 0.3046875 0.7638888888888888 0.3046875 0.7953703703703704 0.31614583333333335 0.7953703703703704
1 0.2505208333333334 0.7064814814814815 0.23750000000000007 0.7064814814814815 0.23750000000000007 0.7342592592592593 0.2505208333333334 0.7342592592592593
1 0.27395833333333336 0.4703703703703705 0.2614583333333334 0.4703703703703705 0.2614583333333334 0.5018518518518519 0.27395833333333336 0.5018518518518519
1 0.2833333333333333 0.49444444444444446 0.2661458333333334 0.49444444444444446 0.2661458333333334 0.5212962962962963 0.2833333333333333 0.5212962962962963
1 0.3125 0.3037037037037038 0.2953125 0.3037037037037038 0.2953125 0.3351851851851853 0.3125 0.3351851851851853
1 0.5057291666666667 0.19814814814814824 0.4869791666666667 0.19814814814814824 0.4869791666666667 0.23888888888888898 0.5057291666666667 0.23888888888888898
1 0.6640625 0.1333333333333335 0.64375 0.1333333333333335 0.64375 0.17037037037037053 0.6640625 0.17037037037037053
1 0.6255208333333333 0.21018518518518534 0.6140625 0.21018518518518534 0.6140625 0.23888888888888898 0.6255208333333333 0.23888888888888898
1 0.7302083333333333 0.5870370370370372 0.7182291666666667 0.5870370370370372 0.7182291666666667 0.6185185185185187 0.7302083333333333 0.6185185185185187
1 0.7453125 0.589814814814815 0.7286458333333333 0.589814814814815 0.7286458333333333 0.6250000000000002 0.7453125 0.6250000000000002
1 0.19531250000000006 0.4935185185185185 0.18385416666666674 0.4935185185185185 0.18385416666666674 0.5166666666666667 0.19531250000000006 0.5166666666666667
1 0.2348958333333334 0.5064814814814815 0.2239583333333334 0.5064814814814815 0.2239583333333334 0.5268518518518519 0.2348958333333334 0.5268518518518519
1 0.24166666666666672 0.49537037037037035 0.2291666666666667 0.49537037037037035 0.2291666666666667 0.5120370370370371 0.24166666666666672 0.5120370370370371
1 0.10104166666666672 0.7268518518518519 0.0880208333333334 0.7268518518518519 0.0880208333333334 0.7481481481481481 0.10104166666666672 0.7481481481481481