1 0.6989583333333333 0.6342592592592595 0.6822916666666666 0.6342592592592595 0.6822916666666666 0.6601851851851854 0.6989583333333333 0.6601851851851854
1 0.6786458333333333 0.6083333333333335 0.6651041666666667 0.6083333333333335 0.6651041666666667 0.6398148148148151 0.6786458333333333 0.6398148148148151
1 0.6666666666666666 0.6416666666666668 0.6536458333333334 0.6416666666666668 0.6536458333333334 0.665740740740741 0.6666666666666666 0.665740740740741
1 0.6614583333333334 0.6092592592592595 0.6473958333333333 0.6092592592592595 0.6473958333333333 0.6324074074074076 0.6614583333333334 0.6324074074074076
1 0.646875 0.665740740740741 0.6338541666666667 0.665740740740741 0.6338541666666667 0.6916666666666669 0.646875 0.6916666666666669
1 0.6453125 0.7046296296296298 0.63125 0.7046296296296298 0.63125 0.7296296296296299 0.6453125 0.7296296296296299
1 0.6192708333333333 0.7240740740740743 0.60625 0.7240740740740743 0.60625 0.7490740740740743 0.6192708333333333 0.7490740740740743
1 0.6619791666666667 0.5111111111111113 0.6427083333333333 0.5111111111111113 0.6427083333333333 0.5388888888888891 0.6619791666666667 0.5388888888888891
1 0.665625 0.48796296296296315 0.65 0.48796296296296315 0.65 0.5166666666666668 0.665625 0.5166666666666668
1 0.6192708333333333 0.4166666666666668 0.6015625 0.4166666666666668 0.6015625 0.450925925925926 0.6192708333333333 0.450925925925926
1 0.64375 0.3972222222222223 0.6244791666666667 0.3972222222222223 0.6244791666666667 0.43055555555555564 0.64375 0.43055555555555564
1 0.6661458333333333 0.2750000000000001 0.6463541666666667 0.2750000000000001 0.6463541666666667 0.31481481481481494 0.6661458333333333 0.31481481481481494