1 0.5760416666666667 0.6796296296296298 0.5489583333333333 0.6796296296296298 0.5489583333333333 0.7175925925925928 0.5760416666666667 0.7175925925925928
1 0.5375 0.7972222222222224 0.5161458333333333 0.7972222222222224 0.5161458333333333 0.8296296296296298 0.5375 0.8296296296296298
1 0.5822916666666667 0.8407407407407409 0.5588541666666667 0.8407407407407409 0.5588541666666667 0.877777777777778 0.5822916666666667 0.877777777777778
1 0.5625 0.8953703703703706 0.540625 0.8953703703703706 0.540625 0.9305555555555558 0.5625 0.9305555555555558
1 0.5833333333333334 0.9342592592592595 0.5567708333333333 0.9342592592592595 0.5567708333333333 0.975925925925926 0.5833333333333334 0.975925925925926
1 0.6958333333333333 0.752777777777778 0.6692708333333334 0.752777777777778 0.6692708333333334 0.7925925925925928 0.6958333333333333 0.7925925925925928
1 0.7223958333333333 0.7962962962962965 0.703125 0.7962962962962965 0.703125 0.827777777777778 0.7223958333333333 0.827777777777778
1 0.7197916666666667 0.8768518518518521 0.6989583333333333 0.8768518518518521 0.6989583333333333 0.9092592592592594 0.7197916666666667 0.9092592592592594
1 0.7552083333333334 0.8972222222222225 0.7328125 0.8972222222222225 0.7328125 0.9333333333333336 0.7552083333333334 0.9333333333333336
1 0.6854166666666667 0.6842592592592595 0.6604166666666667 0.6842592592592595 0.6604166666666667 0.7120370370370372 0.6854166666666667 0.7120370370370372
1 0.6838541666666667 0.6166666666666669 0.659375 0.6166666666666669 0.659375 0.6481481481481484 0.6838541666666667 0.6481481481481484
1 0.7390625 0.6296296296296299 0.7109375 0.6296296296296299 0.7109375 0.6712962962962965 0.7390625 0.6712962962962965
1 0.6770833333333334 0.5194444444444447 0.6630208333333333 0.5194444444444447 0.6630208333333333 0.5444444444444446 0.6770833333333334 0.5444444444444446
1 0.5354166666666667 0.564814814814815 0.5197916666666667 0.564814814814815 0.5197916666666667 0.5879629629629631 0.5354166666666667 0.5879629629629631
1 0.5338541666666666 0.5500000000000002 0.51875 0.5500000000000002 0.51875 0.5685185185185188 0.5338541666666666 0.5685185185185188
1 0.43854166666666666 0.5694444444444444 0.4192708333333333 0.5694444444444444 0.4192708333333333 0.5953703703703703 0.43854166666666666 0.5953703703703703