1 0.7255208333333333 0.5555555555555558 0.7088541666666667 0.5555555555555558 0.7088541666666667 0.5805555555555557 0.7255208333333333 0.5805555555555557
1 0.503125 0.18796296296296308 0.4864583333333333 0.18796296296296308 0.4864583333333333 0.21481481481481493 0.503125 0.21481481481481493
1 0.4625 0.12037037037037047 0.4484375 0.12037037037037047 0.4484375 0.15185185185185196 0.4625 0.15185185185185196
1 0.4109375 0.23703703703703713 0.4005208333333333 0.23703703703703713 0.4005208333333333 0.2601851851851853 0.4109375 0.2601851851851853
1 0.41354166666666664 0.2583333333333334 0.39791666666666664 0.2583333333333334 0.39791666666666664 0.2824074074074075 0.41354166666666664 0.2824074074074075
1 0.4359375 0.2425925925925927 0.425 0.2425925925925927 0.425 0.263888888888889 0.4359375 0.263888888888889
1 0.5072916666666667 0.20833333333333343 0.4984375 0.20833333333333343 0.4984375 0.23611111111111122 0.5072916666666667 0.23611111111111122
1 0.5203125 0.20925925925925937 0.509375 0.20925925925925937 0.509375 0.22962962962962974 0.5203125 0.22962962962962974
1 0.4765625 0.04444444444444455 0.46458333333333335 0.04444444444444455 0.46458333333333335 0.06851851851851862 0.4765625 0.06851851851851862
1 0.6130208333333333 0.8351851851851854 0.603125 0.8351851851851854 0.603125 0.8518518518518521 0.6130208333333333 0.8518518518518521
1 0.6161458333333333 0.915740740740741 0.6067708333333334 0.915740740740741 0.6067708333333334 0.9287037037037039 0.6161458333333333 0.9287037037037039