1 0.6286458333333333 0.5500000000000002 0.6109375 0.5500000000000002 0.6109375 0.5750000000000002 0.6286458333333333 0.5750000000000002
1 0.6276041666666666 0.5185185185185187 0.6114583333333333 0.5185185185185187 0.6114583333333333 0.5425925925925928 0.6276041666666666 0.5425925925925928
1 0.3463541666666667 0.325925925925926 0.3328125 0.325925925925926 0.3328125 0.3537037037037038 0.3463541666666667 0.3537037037037038
1 0.39114583333333336 0.100925925925926 0.3770833333333333 0.100925925925926 0.3770833333333333 0.12592592592592602 0.39114583333333336 0.12592592592592602
1 0.39739583333333334 0.10462962962962971 0.38645833333333335 0.10462962962962971 0.38645833333333335 0.12777777777777788 0.39739583333333334 0.12777777777777788
1 0.33645833333333336 0.7185185185185186 0.325 0.7185185185185186 0.325 0.7462962962962963 0.33645833333333336 0.7462962962962963
1 0.3515625 0.7342592592592593 0.3416666666666667 0.7342592592592593 0.3416666666666667 0.7564814814814815 0.3515625 0.7564814814814815
1 0.35260416666666666 0.7962962962962963 0.34375 0.7962962962962963 0.34375 0.8222222222222222 0.35260416666666666 0.8222222222222222
1 0.36302083333333335 0.775 0.35052083333333334 0.775 0.35052083333333334 0.8018518518518518 0.36302083333333335 0.8018518518518518
1 0.3640625 0.8157407407407408 0.35 0.8157407407407408 0.35 0.8388888888888889 0.3640625 0.8388888888888889
1 0.3328125 0.7305555555555555 0.3151041666666667 0.7305555555555555 0.3151041666666667 0.7537037037037037 0.3328125 0.7537037037037037
1 0.3921875 0.02314814814814823 0.3765625 0.023148148148148227 0.3765625 0.05000000000000008 0.3921875 0.05000000000000008