1 0.48489583333333336 0.6768518518518519 0.46458333333333335 0.6768518518518518 0.46458333333333335 0.7083333333333335 0.48489583333333336 0.7083333333333336
1 0.4947916666666667 0.7148148148148149 0.4744791666666667 0.7148148148148148 0.4744791666666667 0.7462962962962963 0.4947916666666667 0.7462962962962965
1 0.5484375 0.7629629629629632 0.5276041666666667 0.7629629629629632 0.5276041666666667 0.8009259259259262 0.5484375 0.8009259259259262
1 0.45416666666666666 0.7592592592592593 0.43697916666666664 0.7592592592592593 0.43697916666666664 0.7870370370370371 0.45416666666666666 0.7870370370370371
1 0.446875 0.75 0.42916666666666664 0.75 0.42916666666666664 0.7814814814814814 0.446875 0.7814814814814814
1 0.3645833333333333 0.7129629629629629 0.346875 0.7129629629629629 0.346875 0.7379629629629629 0.3645833333333333 0.7379629629629629
1 0.3880208333333333 0.7537037037037037 0.37395833333333334 0.7537037037037037 0.37395833333333334 0.7805555555555556 0.3880208333333333 0.7805555555555556
1 0.4036458333333333 0.7796296296296297 0.38958333333333334 0.7796296296296297 0.38958333333333334 0.8055555555555556 0.4036458333333333 0.8055555555555556
1 0.3927083333333333 0.8092592592592592 0.3776041666666667 0.8092592592592592 0.3776041666666667 0.8324074074074074 0.3927083333333333 0.8324074074074074
1 0.36770833333333336 0.6925925925925925 0.353125 0.6925925925925925 0.353125 0.7175925925925926 0.36770833333333336 0.7175925925925926
1 0.3770833333333333 0.6796296296296296 0.3614583333333333 0.6796296296296296 0.3614583333333333 0.7083333333333334 0.3770833333333333 0.7083333333333334