1 0.5135416666666667 0.6435185185185187 0.4942708333333333 0.6435185185185187 0.4942708333333333 0.6740740740740743 0.5135416666666667 0.6740740740740743
1 0.459375 0.7481481481481481 0.44166666666666665 0.7481481481481481 0.44166666666666665 0.7768518518518519 0.459375 0.7768518518518519
1 0.47239583333333335 0.7870370370370371 0.4484375 0.7870370370370371 0.4484375 0.825925925925926 0.47239583333333335 0.825925925925926
1 0.44583333333333336 0.774074074074074 0.42239583333333336 0.774074074074074 0.42239583333333336 0.8 0.44583333333333336 0.8
1 0.4328125 0.5703703703703704 0.4109375 0.5703703703703704 0.4109375 0.6101851851851852 0.4328125 0.6101851851851852
1 0.48333333333333334 0.5111111111111111 0.4625 0.5111111111111111 0.4625 0.537962962962963 0.48333333333333334 0.537962962962963
1 0.49114583333333334 0.525925925925926 0.4708333333333333 0.5259259259259259 0.4708333333333333 0.5601851851851853 0.49114583333333334 0.5601851851851853
1 0.46979166666666666 0.3416666666666668 0.4453125 0.3416666666666668 0.4453125 0.38055555555555565 0.46979166666666666 0.38055555555555565
1 0.45416666666666666 0.3296296296296297 0.4322916666666667 0.3296296296296297 0.4322916666666667 0.37314814814814823 0.45416666666666666 0.37314814814814823
1 0.45677083333333335 0.10462962962962974 0.43125 0.10462962962962974 0.43125 0.15370370370370381 0.45677083333333335 0.15370370370370381
1 0.47291666666666665 1.0040969820786864e-16 0.44947916666666665 9.785835070964499e-17 0.44947916666666665 0.017592592592592694 0.47291666666666665 0.017592592592592698
1 0.6963541666666667 0.42222222222222233 0.6822916666666666 0.42222222222222233 0.6822916666666666 0.4500000000000001 0.6963541666666667 0.4500000000000001
1 0.2755208333333333 0.5694444444444444 0.25312500000000004 0.5694444444444444 0.25312500000000004 0.6101851851851852 0.2755208333333333 0.6101851851851852
1 0.2619791666666667 0.5009259259259259 0.24010416666666673 0.5009259259259259 0.24010416666666673 0.5314814814814814 0.2619791666666667 0.5314814814814814
1 0.25729166666666675 0.47037037037037044 0.23593750000000005 0.4703703703703704 0.23593750000000005 0.5120370370370371 0.25729166666666675 0.5120370370370371
1 0.24427083333333333 0.1981481481481482 0.21875 0.1981481481481482 0.21875 0.2305555555555556 0.24427083333333333 0.2305555555555556
1 0.24166666666666667 0.22592592592592597 0.21979166666666666 0.22592592592592597 0.21979166666666666 0.26481481481481484 0.24166666666666667 0.26481481481481484
1 0.5901041666666667 0.32222222222222235 0.5692708333333333 0.32222222222222235 0.5692708333333333 0.35833333333333345 0.5901041666666667 0.35833333333333345
1 0.40625 0.5148148148148148 0.3880208333333333 0.5148148148148148 0.3880208333333333 0.5407407407407407 0.40625 0.5407407407407407
1 0.25260416666666674 0.6481481481481481 0.2302083333333334 0.6481481481481481 0.2302083333333334 0.6787037037037037 0.25260416666666674 0.6787037037037037
1 0.35052083333333334 0.043518518518518595 0.3338541666666667 0.043518518518518595 0.3338541666666667 0.06759259259259268 0.35052083333333334 0.06759259259259268
1 0.24114583333333334 0.07777777777777783 0.22447916666666667 0.07777777777777783 0.22447916666666667 0.10555555555555561 0.24114583333333334 0.10555555555555561
1 0.6296875 0.22222222222222238 0.6125 0.22222222222222238 0.6125 0.24722222222222232 0.6296875 0.24722222222222232