1 0.5895833333333333 0.6712962962962965 0.5739583333333333 0.6712962962962965 0.5739583333333333 0.7018518518518521 0.5895833333333333 0.7018518518518521
1 0.5520833333333334 0.301851851851852 0.5390625 0.301851851851852 0.5390625 0.32314814814814824 0.5520833333333334 0.32314814814814824
1 0.39739583333333334 0.263888888888889 0.3848958333333333 0.263888888888889 0.3848958333333333 0.28055555555555567 0.39739583333333334 0.28055555555555567
1 0.39895833333333336 0.23981481481481493 0.3875 0.23981481481481493 0.3875 0.2620370370370371 0.39895833333333336 0.2620370370370371
1 0.29270833333333335 0.388888888888889 0.2786458333333333 0.388888888888889 0.2786458333333333 0.4111111111111112 0.29270833333333335 0.4111111111111112
1 0.2859375 0.40555555555555567 0.27239583333333334 0.40555555555555567 0.27239583333333334 0.43333333333333346 0.2859375 0.43333333333333346
1 0.3692708333333333 0.7953703703703704 0.3536458333333333 0.7953703703703704 0.3536458333333333 0.8185185185185185 0.3692708333333333 0.8185185185185185
1 0.36041666666666666 0.6759259259259259 0.34739583333333335 0.6759259259259259 0.34739583333333335 0.6972222222222222 0.36041666666666666 0.6972222222222222
1 0.35 0.6722222222222223 0.334375 0.6722222222222223 0.334375 0.7018518518518518 0.35 0.7018518518518518
1 0.3572916666666667 0.700925925925926 0.3385416666666667 0.700925925925926 0.3385416666666667 0.7222222222222222 0.3572916666666667 0.7222222222222222
1 0.3463541666666667 0.7231481481481481 0.328125 0.7231481481481481 0.328125 0.7435185185185185 0.3463541666666667 0.7435185185185185
1 0.3692708333333333 0.725 0.35625 0.725 0.35625 0.7453703703703703 0.3692708333333333 0.7453703703703703
1 0.33125 0.7046296296296296 0.3203125 0.7046296296296296 0.3203125 0.7287037037037037 0.33125 0.7287037037037037
1 0.33177083333333335 0.6851851851851852 0.315625 0.6851851851851852 0.315625 0.7083333333333334 0.33177083333333335 0.7083333333333334
1 0.4166666666666667 0.49444444444444446 0.4046875 0.49444444444444446 0.4046875 0.5175925925925926 0.4166666666666667 0.5175925925925926
1 0.38645833333333335 0.47962962962962963 0.3734375 0.47962962962962963 0.3734375 0.5037037037037037 0.38645833333333335 0.5037037037037037