1 0.6869791666666667 0.3787037037037038 0.671875 0.3787037037037038 0.671875 0.40462962962962973 0.6869791666666667 0.40462962962962973
1 0.6671875 0.363888888888889 0.6557291666666667 0.363888888888889 0.6557291666666667 0.38611111111111124 0.6671875 0.38611111111111124
1 0.6578125 0.38240740740740753 0.6453125 0.38240740740740753 0.6453125 0.40462962962962973 0.6578125 0.40462962962962973
1 0.63125 0.38611111111111124 0.621875 0.38611111111111124 0.621875 0.400925925925926 0.63125 0.400925925925926
1 0.6411458333333333 0.39074074074074083 0.628125 0.39074074074074083 0.628125 0.4111111111111112 0.6411458333333333 0.4111111111111112
1 0.6494791666666667 0.34814814814814826 0.6375 0.34814814814814826 0.6375 0.37685185185185194 0.6494791666666667 0.37685185185185194
1 0.6348958333333333 0.23796296296296307 0.6203125 0.23796296296296307 0.6203125 0.2583333333333334 0.6348958333333333 0.2583333333333334
1 0.6364583333333333 0.2194444444444446 0.6239583333333333 0.2194444444444446 0.6239583333333333 0.24166666666666678 0.6364583333333333 0.24166666666666678
1 0.6052083333333333 0.13611111111111124 0.5890625 0.1361111111111112 0.5890625 0.15925925925925938 0.6052083333333333 0.1592592592592594
1 0.6140625 0.055555555555555684 0.596875 0.055555555555555684 0.596875 0.08240740740740754 0.6140625 0.08240740740740754
1 0.6463541666666667 0.4648148148148149 0.634375 0.4648148148148149 0.634375 0.49166666666666686 0.6463541666666667 0.49166666666666686
1 0.6354166666666666 0.47777777777777797 0.6244791666666667 0.47777777777777797 0.6244791666666667 0.490740740740741 0.6354166666666666 0.490740740740741
1 0.625 0.4824074074074076 0.6083333333333333 0.4824074074074076 0.6083333333333333 0.5055555555555558 0.625 0.5055555555555558
1 0.6302083333333334 0.4490740740740742 0.6161458333333333 0.4490740740740742 0.6161458333333333 0.47592592592592614 0.6302083333333334 0.47592592592592614
1 0.6140625 0.4583333333333334 0.5963541666666666 0.4583333333333334 0.5963541666666666 0.4861111111111113 0.6140625 0.4861111111111113
1 0.6265625 0.4212962962962964 0.6119791666666666 0.4212962962962964 0.6119791666666666 0.450925925925926 0.6265625 0.450925925925926
1 0.6380208333333334 0.4314814814814816 0.6255208333333333 0.4314814814814816 0.6255208333333333 0.45740740740740754 0.6380208333333334 0.45740740740740754
1 0.6541666666666667 0.6472222222222225 0.6416666666666667 0.6472222222222225 0.6416666666666667 0.6685185185185187 0.6541666666666667 0.6685185185185187
1 0.6770833333333334 0.6601851851851854 0.6666666666666666 0.6601851851851854 0.6666666666666666 0.676851851851852 0.6770833333333334 0.676851851851852
1 0.640625 0.6990740740740743 0.6260416666666667 0.6990740740740743 0.6260416666666667 0.7222222222222224 0.640625 0.7222222222222224
1 0.64375 0.7750000000000002 0.6270833333333333 0.7750000000000002 0.6270833333333333 0.8064814814814817 0.64375 0.8064814814814817
1 0.6265625 0.8138888888888891 0.6125 0.8138888888888891 0.6125 0.8379629629629631 0.6265625 0.8379629629629631
1 0.6151041666666667 0.8185185185185188 0.6005208333333333 0.8185185185185188 0.6005208333333333 0.8416666666666669 0.6151041666666667 0.8416666666666669