1 0.6078125 0.4287037037037038 0.58125 0.4287037037037038 0.58125 0.49351851851851875 0.6078125 0.49351851851851875
1 0.7536458333333333 0.4379629629629631 0.7239583333333334 0.43796296296296305 0.7239583333333334 0.4861111111111113 0.7536458333333333 0.4861111111111113
1 0.7505208333333333 0.46944444444444466 0.7265625 0.46944444444444466 0.7265625 0.5305555555555558 0.7505208333333333 0.5305555555555558
1 0.8145833333333333 0.4750000000000002 0.8 0.4750000000000002 0.8 0.5064814814814816 0.8145833333333333 0.5064814814814816
1 0.8046875 0.49722222222222245 0.7890625 0.49722222222222245 0.7890625 0.5305555555555558 0.8046875 0.5305555555555558
1 0.8494791666666667 0.4990740740740743 0.8375 0.4990740740740743 0.8375 0.5222222222222225 0.8494791666666667 0.5222222222222225
1 0.8390625 0.5037037037037039 0.8260416666666667 0.5037037037037039 0.8260416666666667 0.5305555555555558 0.8390625 0.5305555555555558
1 0.8479166666666667 0.5166666666666668 0.8333333333333334 0.5166666666666668 0.8333333333333334 0.5481481481481484 0.8479166666666667 0.5481481481481484
1 0.8796875 0.49537037037037057 0.8651041666666667 0.49537037037037057 0.8651041666666667 0.5222222222222225 0.8796875 0.5222222222222225
1 0.3145833333333333 0.14629629629629634 0.2828125 0.14629629629629634 0.2828125 0.1981481481481482 0.3145833333333333 0.1981481481481482
1 0.21458333333333332 0.27314814814814814 0.19583333333333333 0.27314814814814814 0.19583333333333333 0.31851851851851853 0.21458333333333332 0.31851851851851853
1 0.21354166666666666 0.29814814814814816 0.1859375 0.29814814814814816 0.1859375 0.3416666666666667 0.21354166666666666 0.3416666666666667
1 0.3390625 0.20092592592592598 0.3177083333333333 0.20092592592592598 0.3177083333333333 0.24351851851851863 0.3390625 0.24351851851851863
1 0.4109375 0.28703703703703715 0.3828125 0.28703703703703715 0.3828125 0.33240740740740754 0.4109375 0.33240740740740754
1 0.5359375 0.8685185185185187 0.5171875000000001 0.8685185185185187 0.5171875000000001 0.9231481481481484 0.5359375 0.9231481481481484
1 0.6677083333333333 0.8611111111111113 0.65 0.8611111111111113 0.65 0.9083333333333335 0.6677083333333333 0.9083333333333335
1 0.6802083333333333 0.8666666666666669 0.6677083333333333 0.8666666666666669 0.6677083333333333 0.9111111111111113 0.6802083333333333 0.9111111111111113
1 0.6713541666666667 0.8953703703703706 0.6578125 0.8953703703703706 0.6578125 0.9305555555555558 0.6713541666666667 0.9305555555555558
1 0.7380208333333333 0.9092592592592594 0.71875 0.9092592592592594 0.71875 0.9444444444444446 0.7380208333333333 0.9444444444444446
1 0.7645833333333333 0.9120370370370372 0.7515625 0.9120370370370372 0.7515625 0.9425925925925928 0.7645833333333333 0.9425925925925928
1 0.7416666666666667 0.864814814814815 0.7270833333333333 0.864814814814815 0.7270833333333333 0.8925925925925928 0.7416666666666667 0.8925925925925928
1 0.19635416666666672 0.8555555555555555 0.17500000000000007 0.8555555555555555 0.17500000000000007 0.8935185185185185 0.19635416666666672 0.8935185185185185
1 0.19531250000000006 0.9074074074074074 0.17656250000000007 0.9074074074074074 0.17656250000000007 0.9425925925925925 0.19531250000000006 0.9425925925925925