1 0.40625 0.33240740740740754 0.39114583333333336 0.33240740740740754 0.39114583333333336 0.36296296296296304 0.40625 0.36296296296296304
1 0.4744791666666667 0.4888888888888889 0.4635416666666667 0.4888888888888889 0.4635416666666667 0.5111111111111111 0.4744791666666667 0.5111111111111111
1 0.43854166666666666 0.7231481481481481 0.42916666666666664 0.7231481481481481 0.42916666666666664 0.7444444444444445 0.43854166666666666 0.7444444444444445
1 0.7109375 0.5574074074074076 0.6979166666666666 0.5574074074074076 0.6979166666666666 0.5814814814814817 0.7109375 0.5814814814814817
1 0.7052083333333333 0.5768518518518521 0.6932291666666667 0.5768518518518521 0.6932291666666667 0.602777777777778 0.7052083333333333 0.602777777777778
1 0.6005208333333333 0.7861111111111113 0.5916666666666667 0.7861111111111113 0.5916666666666667 0.802777777777778 0.6005208333333333 0.802777777777778
1 0.6005208333333333 0.8037037037037039 0.5921875 0.8037037037037039 0.5921875 0.8185185185185188 0.6005208333333333 0.8185185185185188
1 0.6041666666666666 0.8194444444444446 0.5953125 0.8194444444444446 0.5953125 0.8361111111111114 0.6041666666666666 0.8361111111111114
1 0.6177083333333333 0.1916666666666668 0.6020833333333333 0.19166666666666676 0.6020833333333333 0.21203703703703716 0.6177083333333333 0.2120370370370372
1 0.6166666666666667 0.24814814814814826 0.6052083333333333 0.24814814814814826 0.6052083333333333 0.2722222222222223 0.6166666666666667 0.2722222222222223
1 0.6369791666666667 0.2962962962962964 0.6255208333333333 0.2962962962962964 0.6255208333333333 0.3175925925925927 0.6369791666666667 0.3175925925925927
1 0.6348958333333333 0.2740740740740742 0.6223958333333334 0.2740740740740742 0.6223958333333334 0.29444444444444456 0.6348958333333333 0.29444444444444456
1 0.6536458333333334 0.25925925925925936 0.6432291666666666 0.25925925925925936 0.6432291666666666 0.28518518518518526 0.6536458333333334 0.28518518518518526
1 0.6557291666666667 0.2842592592592594 0.6416666666666667 0.2842592592592594 0.6416666666666667 0.30833333333333346 0.6557291666666667 0.30833333333333346
1 0.6359375 0.4611111111111112 0.6208333333333333 0.4611111111111112 0.6208333333333333 0.48425925925925944 0.6359375 0.48425925925925944
1 0.5765625 0.4611111111111112 0.5630208333333333 0.4611111111111112 0.5630208333333333 0.4787037037037039 0.5765625 0.4787037037037039
1 0.5661458333333333 0.42962962962962975 0.5510416666666667 0.42962962962962975 0.5510416666666667 0.4527777777777779 0.5661458333333333 0.4527777777777779
1 0.5729166666666666 0.8166666666666669 0.559375 0.8166666666666669 0.559375 0.8351851851851854 0.5729166666666666 0.8351851851851854