1 0.3963541666666667 0.5194444444444445 0.38229166666666664 0.5194444444444445 0.38229166666666664 0.5444444444444444 0.3963541666666667 0.5444444444444444
1 0.4708333333333333 0.3157407407407408 0.4557291666666667 0.3157407407407408 0.4557291666666667 0.3435185185185186 0.4708333333333333 0.3435185185185186
1 0.4791666666666667 0.31296296296296305 0.46458333333333335 0.31296296296296305 0.46458333333333335 0.3351851851851853 0.4791666666666667 0.3351851851851853
1 0.5036458333333333 0.3277777777777779 0.48854166666666665 0.3277777777777779 0.48854166666666665 0.35092592592592603 0.5036458333333333 0.35092592592592603
1 0.5432291666666667 0.4768518518518521 0.5296875 0.4768518518518521 0.5296875 0.5000000000000002 0.5432291666666667 0.5000000000000002
1 0.6265625 0.25462962962962976 0.6088541666666667 0.25462962962962976 0.6088541666666667 0.2824074074074075 0.6265625 0.2824074074074075
1 0.7125 0.3462962962962964 0.69375 0.3462962962962964 0.69375 0.3694444444444446 0.7125 0.3694444444444446
1 0.7057291666666666 0.36574074074074087 0.6901041666666666 0.36574074074074087 0.6901041666666666 0.3935185185185186 0.7057291666666666 0.3935185185185186
1 0.5375 0.5259259259259261 0.5276041666666667 0.5259259259259261 0.5276041666666667 0.5462962962962965 0.5375 0.5462962962962965
1 0.5479166666666667 0.5694444444444446 0.5364583333333334 0.5694444444444446 0.5364583333333334 0.5916666666666669 0.5479166666666667 0.5916666666666669
1 0.5572916666666666 0.5481481481481484 0.5458333333333333 0.5481481481481484 0.5458333333333333 0.5638888888888891 0.5572916666666666 0.5638888888888891
1 0.5557291666666667 0.5342592592592594 0.5463541666666667 0.5342592592592594 0.5463541666666667 0.5490740740740743 0.5557291666666667 0.5490740740740743
1 0.5635416666666667 0.5814814814814817 0.553125 0.5814814814814817 0.553125 0.5953703703703705 0.5635416666666667 0.5953703703703705
1 0.5645833333333333 0.5722222222222224 0.5557291666666667 0.5722222222222224 0.5557291666666667 0.5861111111111114 0.5645833333333333 0.5861111111111114
1 0.5578125 0.5629629629629632 0.5494791666666666 0.5629629629629632 0.5494791666666666 0.5787037037037039 0.5578125 0.5787037037037039
1 0.5651041666666666 0.5620370370370372 0.5552083333333333 0.5620370370370372 0.5552083333333333 0.5750000000000002 0.5651041666666666 0.5750000000000002
1 0.6109375 0.5129629629629632 0.5953125 0.5129629629629632 0.5953125 0.5398148148148151 0.6109375 0.5398148148148151
1 0.4317708333333333 0.6259259259259259 0.42083333333333334 0.6259259259259259 0.42083333333333334 0.6481481481481481 0.4317708333333333 0.6481481481481481
1 0.571875 0.8231481481481484 0.5625 0.8231481481481484 0.5625 0.8407407407407409 0.571875 0.8407407407407409
1 0.5859375 0.8333333333333336 0.5755208333333334 0.8333333333333336 0.5755208333333334 0.8500000000000002 0.5859375 0.8500000000000002
1 0.5958333333333333 0.8222222222222224 0.5848958333333333 0.8222222222222224 0.5848958333333333 0.8379629629629631 0.5958333333333333 0.8379629629629631
1 0.5911458333333334 0.8111111111111113 0.5817708333333333 0.8111111111111113 0.5817708333333333 0.8296296296296298 0.5911458333333334 0.8296296296296298
1 0.6208333333333333 0.801851851851852 0.6109375 0.801851851851852 0.6109375 0.815740740740741 0.6208333333333333 0.815740740740741
1 0.6213541666666667 0.776851851851852 0.609375 0.776851851851852 0.609375 0.7972222222222224 0.6213541666666667 0.7972222222222224
1 0.6255208333333333 0.777777777777778 0.615625 0.777777777777778 0.615625 0.802777777777778 0.6255208333333333 0.802777777777778
1 0.6286458333333333 0.8666666666666669 0.6182291666666667 0.8666666666666669 0.6182291666666667 0.8851851851851854 0.6286458333333333 0.8851851851851854
1 0.59375 0.10925925925925939 0.5828125 0.10925925925925939 0.5828125 0.12777777777777788 0.59375 0.12777777777777788
1 0.553125 0.2027777777777779 0.5380208333333333 0.2027777777777779 0.5380208333333333 0.22500000000000012 0.553125 0.22500000000000012
1 0.6067708333333334 0.16851851851851865 0.5958333333333333 0.16851851851851862 0.5958333333333333 0.18240740740740755 0.6067708333333334 0.18240740740740757
1 0.6119791666666666 0.1564814814814816 0.6010416666666667 0.15648148148148158 0.6010416666666667 0.17222222222222236 0.6119791666666666 0.1722222222222224
1 0.6192708333333333 0.1722222222222224 0.6052083333333333 0.1722222222222224 0.6052083333333333 0.19444444444444461 0.6192708333333333 0.19444444444444461
1 0.6296875 0.16111111111111126 0.6223958333333334 0.16111111111111126 0.6223958333333334 0.1759259259259261 0.6296875 0.1759259259259261
1 0.628125 0.13981481481481497 0.61875 0.13981481481481497 0.61875 0.15740740740740758 0.628125 0.15740740740740758