1 0.6697916666666667 0.3601851851851853 0.6505208333333333 0.3601851851851853 0.6505208333333333 0.3925925925925927 0.6697916666666667 0.3925925925925927
1 0.6682291666666667 0.3240740740740742 0.6442708333333333 0.3240740740740742 0.6442708333333333 0.35648148148148157 0.6682291666666667 0.35648148148148157
1 0.5786458333333333 0.5675925925925928 0.5630208333333333 0.5675925925925928 0.5630208333333333 0.5962962962962965 0.5786458333333333 0.5962962962962965
1 0.3614583333333333 0.2083333333333334 0.3484375 0.2083333333333334 0.3484375 0.2462962962962964 0.3614583333333333 0.2462962962962964
1 0.3234375 0.6462962962962963 0.3104166666666667 0.6462962962962963 0.3104166666666667 0.6703703703703704 0.3234375 0.6703703703703704
1 0.303125 0.6462962962962963 0.2869791666666667 0.6462962962962963 0.2869791666666667 0.6824074074074075 0.303125 0.6824074074074075
1 0.29322916666666665 0.6638888888888889 0.27760416666666665 0.6638888888888889 0.27760416666666665 0.6972222222222222 0.29322916666666665 0.6972222222222222
1 0.33541666666666664 0.7018518518518518 0.3140625 0.7018518518518518 0.3140625 0.7287037037037037 0.33541666666666664 0.7287037037037037
1 0.321875 0.7601851851851852 0.3067708333333333 0.7601851851851852 0.3067708333333333 0.7861111111111111 0.321875 0.7861111111111111
1 0.32864583333333336 0.737037037037037 0.315625 0.737037037037037 0.315625 0.7648148148148148 0.32864583333333336 0.7648148148148148
1 0.2619791666666667 0.8 0.24218750000000006 0.8 0.24218750000000006 0.8314814814814815 0.2619791666666667 0.8314814814814815
1 0.24947916666666672 0.7898148148148149 0.23645833333333338 0.7898148148148149 0.23645833333333338 0.8157407407407408 0.24947916666666672 0.8157407407407408
1 0.2291666666666667 0.8101851851851852 0.21875000000000006 0.8101851851851852 0.21875000000000006 0.8416666666666667 0.2291666666666667 0.8416666666666667