1 0.6296875 0.23611111111111127 0.6114583333333333 0.23611111111111127 0.6114583333333333 0.2685185185185186 0.6296875 0.2685185185185186
1 0.5859375 0.25092592592592605 0.5692708333333333 0.25092592592592605 0.5692708333333333 0.2814814814814816 0.5859375 0.2814814814814816
1 0.5609375 0.24351851851851863 0.5458333333333333 0.24351851851851863 0.5458333333333333 0.26574074074074083 0.5609375 0.26574074074074083
1 0.5645833333333333 0.2175925925925927 0.5494791666666666 0.2175925925925927 0.5494791666666666 0.2462962962962964 0.5645833333333333 0.2462962962962964
1 0.5744791666666667 0.21944444444444455 0.5630208333333333 0.21944444444444455 0.5630208333333333 0.24907407407407417 0.5744791666666667 0.24907407407407417
1 0.5989583333333334 0.20462962962962974 0.5776041666666667 0.20462962962962974 0.5776041666666667 0.23611111111111122 0.5989583333333334 0.23611111111111122
1 0.6151041666666667 0.17407407407407421 0.6026041666666667 0.1740740740740742 0.6026041666666667 0.20000000000000012 0.6151041666666667 0.20000000000000015
1 0.5723958333333333 0.19074074074074085 0.5583333333333333 0.19074074074074085 0.5583333333333333 0.2175925925925927 0.5723958333333333 0.2175925925925927
1 0.5625 0.18796296296296308 0.55 0.18796296296296308 0.55 0.21481481481481493 0.5625 0.21481481481481493
1 0.42552083333333335 0.15555555555555567 0.41510416666666666 0.15555555555555567 0.41510416666666666 0.17592592592592604 0.42552083333333335 0.17592592592592604
1 0.43020833333333336 0.1462962962962964 0.4197916666666667 0.1462962962962964 0.4197916666666667 0.16851851851851862 0.43020833333333336 0.16851851851851862
1 0.6052083333333333 0.6268518518518521 0.5911458333333334 0.6268518518518521 0.5911458333333334 0.6509259259259261 0.6052083333333333 0.6509259259259261
1 0.8234375 0.577777777777778 0.8140625 0.577777777777778 0.8140625 0.5990740740740743 0.8234375 0.5990740740740743
1 0.846875 0.37314814814814834 0.8375 0.37314814814814834 0.8375 0.39074074074074094 0.846875 0.39074074074074094
1 0.6921875 0.39074074074074083 0.6776041666666667 0.39074074074074083 0.6776041666666667 0.4092592592592594 0.6921875 0.4092592592592594
1 0.7354166666666667 0.3046296296296298 0.7223958333333333 0.30462962962962975 0.7223958333333333 0.33240740740740754 0.7354166666666667 0.3324074074074076
1 0.7401041666666667 0.3342592592592594 0.7239583333333334 0.33425925925925937 0.7239583333333334 0.36018518518518533 0.7401041666666667 0.3601851851851854
1 0.7276041666666667 0.2611111111111113 0.7177083333333333 0.26111111111111124 0.7177083333333333 0.28425925925925943 0.7276041666666667 0.2842592592592595
1 0.421875 0.5638888888888889 0.4119791666666667 0.5638888888888889 0.4119791666666667 0.5805555555555556 0.421875 0.5805555555555556