1 0.47552083333333334 0.02592592592592603 0.446875 0.025925925925926026 0.446875 0.08611111111111122 0.47552083333333334 0.08611111111111122
1 0.5192708333333333 0.1000000000000001 0.49270833333333336 0.1000000000000001 0.49270833333333336 0.1675925925925927 0.5192708333333333 0.1675925925925927
1 0.3515625 0.20000000000000004 0.321875 0.20000000000000004 0.321875 0.25092592592592605 0.3515625 0.25092592592592605
1 0.35260416666666666 0.17222222222222228 0.32864583333333336 0.17222222222222228 0.32864583333333336 0.22685185185185192 0.35260416666666666 0.22685185185185192
1 0.05364583333333338 0.5398148148148149 0.034375000000000044 0.5398148148148149 0.034375000000000044 0.5796296296296296 0.05364583333333338 0.5796296296296296
1 0.051562500000000046 0.5907407407407408 0.032812500000000036 0.5907407407407408 0.03281250000000004 0.6314814814814815 0.051562500000000046 0.6314814814814815
1 0.09218750000000003 0.5583333333333333 0.0744791666666667 0.5583333333333333 0.0744791666666667 0.6092592592592593 0.09218750000000003 0.6092592592592593
1 0.0885416666666667 0.5925925925925926 0.06302083333333337 0.5925925925925926 0.06302083333333337 0.6324074074074074 0.0885416666666667 0.6324074074074074
1 0.2807291666666668 0.9305555555555556 0.24791666666666673 0.9305555555555556 0.24791666666666673 0.9925925925925926 0.2807291666666668 0.9925925925925926
1 0.1255208333333334 0.7509259259259259 0.10833333333333339 0.7509259259259259 0.10833333333333339 0.7824074074074074 0.1255208333333334 0.7824074074074074
1 0.12447916666666672 0.7814814814814814 0.10416666666666673 0.7814814814814814 0.10416666666666673 0.8092592592592592 0.12447916666666672 0.8092592592592592
1 0.1036458333333334 0.825925925925926 0.0880208333333334 0.825925925925926 0.0880208333333334 0.8574074074074074 0.1036458333333334 0.8574074074074074
1 0.36822916666666666 0.7824074074074074 0.3458333333333333 0.7824074074074074 0.3458333333333333 0.8361111111111111 0.36822916666666666 0.8361111111111111
1 0.8348958333333333 0.41203703703703726 0.8005208333333333 0.41203703703703726 0.8005208333333333 0.4814814814814817 0.8348958333333333 0.4814814814814817
1 0.9526041666666667 0.47962962962962985 0.9223958333333333 0.47962962962962985 0.9223958333333333 0.5324074074074077 0.9526041666666667 0.5324074074074077
1 0.9609375 0.4629629629629632 0.9380208333333333 0.4629629629629632 0.9380208333333333 0.5018518518518521 0.9609375 0.5018518518518521
1 0.9994791666666667 0.43240740740740763 0.9744791666666667 0.43240740740740763 0.9744791666666667 0.4824074074074076 0.9994791666666667 0.4824074074074076
1 0.69375 0.4148148148148149 0.6677083333333333 0.4148148148148149 0.6677083333333333 0.4787037037037039 0.69375 0.4787037037037039
1 0.59375 0.22037037037037047 0.5661458333333333 0.22037037037037047 0.5661458333333333 0.27314814814814825 0.59375 0.27314814814814825