1 0.5239583333333333 0.4962962962962965 0.5109375 0.4962962962962965 0.5109375 0.526851851851852 0.5239583333333333 0.526851851851852
1 0.5364583333333334 0.5120370370370373 0.5244791666666667 0.5120370370370373 0.5244791666666667 0.5398148148148151 0.5364583333333334 0.5398148148148151
1 0.5359375 0.5361111111111113 0.5192708333333333 0.5361111111111113 0.5192708333333333 0.5601851851851853 0.5359375 0.5601851851851853
1 0.49166666666666664 0.43796296296296305 0.4791666666666667 0.43796296296296305 0.4791666666666667 0.46574074074074084 0.49166666666666664 0.46574074074074084
1 0.5197916666666667 0.313888888888889 0.5067708333333333 0.313888888888889 0.5067708333333333 0.34074074074074084 0.5197916666666667 0.34074074074074084
1 0.5432291666666667 0.3453703703703705 0.5322916666666667 0.3453703703703705 0.5322916666666667 0.37685185185185194 0.5432291666666667 0.37685185185185194
1 0.5546875 0.34814814814814826 0.5432291666666667 0.34814814814814826 0.5432291666666667 0.36851851851851863 0.5546875 0.36851851851851863
1 0.4505208333333333 0.4685185185185186 0.43854166666666666 0.4685185185185186 0.43854166666666666 0.49444444444444446 0.4505208333333333 0.49444444444444446
1 0.3640625000000001 0.9361111111111111 0.3526041666666668 0.9361111111111111 0.3526041666666668 0.9564814814814815 0.3640625000000001 0.9564814814814815
1 0.28854166666666664 0.6453703703703704 0.284375 0.6453703703703704 0.284375 0.6574074074074074 0.28854166666666664 0.6574074074074074
1 0.25625000000000003 0.6240740740740741 0.2510416666666667 0.6240740740740741 0.2510416666666667 0.6342592592592593 0.25625000000000003 0.6342592592592593
1 0.21197916666666672 0.5907407407407408 0.2057291666666667 0.5907407407407408 0.2057291666666667 0.6027777777777777 0.21197916666666672 0.6027777777777777
1 0.17500000000000007 0.6157407407407407 0.16875000000000007 0.6157407407407407 0.16875000000000007 0.6287037037037037 0.17500000000000007 0.6287037037037037
1 0.1901041666666667 0.6055555555555555 0.18437500000000007 0.6055555555555555 0.18437500000000007 0.6157407407407407 0.1901041666666667 0.6157407407407407
1 0.18854166666666672 0.6842592592592592 0.18072916666666672 0.6842592592592592 0.18072916666666672 0.6981481481481482 0.18854166666666672 0.6981481481481482
1 0.18697916666666672 0.7222222222222222 0.18281250000000007 0.7222222222222222 0.18281250000000007 0.7361111111111112 0.18697916666666672 0.7361111111111112
1 0.23437500000000006 0.7416666666666667 0.2291666666666667 0.7416666666666667 0.2291666666666667 0.7527777777777778 0.23437500000000006 0.7527777777777778
1 0.22656250000000006 0.7787037037037037 0.21979166666666672 0.7787037037037037 0.21979166666666672 0.7898148148148149 0.22656250000000006 0.7898148148148149
1 0.2786458333333333 0.7805555555555556 0.2713541666666667 0.7805555555555556 0.2713541666666667 0.7962962962962963 0.2786458333333333 0.7962962962962963
1 0.29583333333333334 0.6953703703703704 0.2916666666666667 0.6953703703703704 0.2916666666666667 0.7064814814814815 0.29583333333333334 0.7064814814814815
1 0.17916666666666672 0.7925925925925926 0.17343750000000005 0.7925925925925926 0.17343750000000005 0.8083333333333333 0.17916666666666672 0.8083333333333333
1 0.15625000000000006 0.6074074074074074 0.15156250000000007 0.6074074074074074 0.15156250000000007 0.6185185185185185 0.15625000000000006 0.6185185185185185
1 0.27760416666666665 0.5861111111111111 0.271875 0.5861111111111111 0.271875 0.5953703703703703 0.27760416666666665 0.5953703703703703
1 0.7583333333333333 0.9055555555555558 0.7442708333333333 0.9055555555555558 0.7442708333333333 0.9416666666666669 0.7583333333333333 0.9416666666666669
1 0.9385416666666667 0.702777777777778 0.9270833333333334 0.702777777777778 0.9270833333333334 0.7231481481481483 0.9385416666666667 0.7231481481481483