1 0.5401041666666667 0.30833333333333346 0.5036458333333333 0.30833333333333346 0.5036458333333333 0.35648148148148157 0.5401041666666667 0.35648148148148157
1 0.5348958333333333 0.04907407407407419 0.5078125 0.04907407407407418 0.5078125 0.10185185185185196 0.5348958333333333 0.10185185185185196
1 0.5171875 0.05555555555555567 0.4828125 0.055555555555555663 0.4828125 0.09722222222222232 0.5171875 0.09722222222222232
1 0.6989583333333333 0.8296296296296298 0.6697916666666667 0.8296296296296298 0.6697916666666667 0.8861111111111113 0.6989583333333333 0.8861111111111113
1 0.6682291666666667 0.7861111111111113 0.6442708333333333 0.7861111111111113 0.6442708333333333 0.8250000000000002 0.6682291666666667 0.8250000000000002
1 0.6197916666666666 0.6583333333333335 0.5942708333333333 0.6583333333333335 0.5942708333333333 0.7083333333333336 0.6197916666666666 0.7083333333333336
1 0.29322916666666665 0.4361111111111112 0.2619791666666667 0.4361111111111112 0.2619791666666667 0.46944444444444455 0.29322916666666665 0.46944444444444455
1 0.296875 0.20277777777777783 0.2703125 0.20277777777777783 0.2703125 0.2342592592592593 0.296875 0.2342592592592593
1 0.29375 0.1796296296296297 0.26875 0.1796296296296297 0.26875 0.2018518518518519 0.29375 0.2018518518518519
1 0.27760416666666665 0.19537037037037042 0.2578125 0.19537037037037042 0.2578125 0.2194444444444445 0.27760416666666665 0.2194444444444445
1 0.26979166666666665 0.07777777777777783 0.25052083333333336 0.07777777777777783 0.25052083333333336 0.11203703703703709 0.26979166666666665 0.11203703703703709
1 0.2682291666666667 0.029629629629629683 0.25104166666666666 0.029629629629629683 0.25104166666666666 0.05370370370370375 0.2682291666666667 0.05370370370370375
1 0.2947916666666667 0.07037037037037042 0.2796875 0.07037037037037042 0.2796875 0.09629629629629635 0.2947916666666667 0.09629629629629635