1 0.375 0.46944444444444455 0.35520833333333335 0.46944444444444455 0.35520833333333335 0.4981481481481482 0.375 0.4981481481481482
1 0.37447916666666664 0.43333333333333346 0.35885416666666664 0.43333333333333346 0.35885416666666664 0.4583333333333334 0.37447916666666664 0.4583333333333334
1 0.6901041666666666 0.7194444444444447 0.6760416666666667 0.7194444444444447 0.6760416666666667 0.7425925925925928 0.6901041666666666 0.7425925925925928
1 0.70625 0.714814814814815 0.6932291666666667 0.714814814814815 0.6932291666666667 0.7435185185185187 0.70625 0.7435185185185187
1 0.7171875 0.7250000000000002 0.7015625 0.7250000000000002 0.7015625 0.7611111111111113 0.7171875 0.7611111111111113
1 0.6640625 0.2787037037037038 0.6505208333333333 0.2787037037037038 0.6505208333333333 0.3064814814814816 0.6640625 0.3064814814814816
1 0.6135416666666667 0.4148148148148149 0.6010416666666667 0.4148148148148149 0.6010416666666667 0.4361111111111112 0.6135416666666667 0.4361111111111112
1 0.575 0.6981481481481484 0.5619791666666667 0.6981481481481484 0.5619791666666667 0.7240740740740743 0.575 0.7240740740740743
1 0.559375 0.6879629629629632 0.54375 0.6879629629629632 0.54375 0.7138888888888891 0.559375 0.7138888888888891
1 0.6838541666666667 0.8268518518518521 0.6682291666666667 0.8268518518518521 0.6682291666666667 0.8518518518518521 0.6838541666666667 0.8518518518518521
1 0.6796875 0.801851851851852 0.665625 0.801851851851852 0.665625 0.8268518518518521 0.6796875 0.8268518518518521
1 0.6911458333333333 0.8046296296296298 0.6765625 0.8046296296296298 0.6765625 0.8333333333333336 0.6911458333333333 0.8333333333333336
1 0.6796875 0.7731481481481484 0.6645833333333333 0.7731481481481484 0.6645833333333333 0.7990740740740743 0.6796875 0.7990740740740743
1 0.74375 0.8638888888888892 0.728125 0.8638888888888892 0.728125 0.8879629629629632 0.74375 0.8879629629629632
1 0.7265625 0.8555555555555557 0.7114583333333333 0.8555555555555557 0.7114583333333333 0.8814814814814816 0.7265625 0.8814814814814816
1 0.5822916666666667 0.03518518518518531 0.5697916666666667 0.035185185185185305 0.5697916666666667 0.0666666666666668 0.5822916666666667 0.0666666666666668
1 0.6057291666666667 0.10000000000000013 0.5932291666666667 0.10000000000000013 0.5932291666666667 0.12129629629629643 0.6057291666666667 0.12129629629629646
1 0.6005208333333333 0.10925925925925939 0.5885416666666666 0.10925925925925939 0.5885416666666666 0.13055555555555567 0.6005208333333333 0.13055555555555567
1 0.45416666666666666 0.6453703703703704 0.440625 0.6453703703703704 0.440625 0.6694444444444444 0.45416666666666666 0.6694444444444444
1 0.771875 0.8703703703703706 0.7536458333333333 0.8703703703703706 0.7536458333333333 0.9009259259259261 0.771875 0.9009259259259261