1 0.4395833333333333 0.19814814814814824 0.42135416666666664 0.19814814814814824 0.42135416666666664 0.2324074074074075 0.4395833333333333 0.2324074074074075
1 0.4192708333333333 0.20185185185185195 0.4010416666666667 0.20185185185185195 0.4010416666666667 0.24351851851851863 0.4192708333333333 0.24351851851851863
1 0.5536458333333333 0.3601851851851853 0.5380208333333333 0.3601851851851853 0.5380208333333333 0.38796296296296306 0.5536458333333333 0.38796296296296306
1 0.3567708333333333 0.7462962962962963 0.33541666666666664 0.7462962962962963 0.33541666666666664 0.7694444444444445 0.3567708333333333 0.7694444444444445
1 0.5958333333333333 0.814814814814815 0.5817708333333333 0.814814814814815 0.5817708333333333 0.8379629629629631 0.5958333333333333 0.8379629629629631
1 0.6026041666666667 0.8500000000000002 0.5822916666666667 0.8500000000000002 0.5822916666666667 0.8796296296296299 0.6026041666666667 0.8796296296296299
1 0.6104166666666667 0.8685185185185187 0.5921875 0.8685185185185187 0.5921875 0.8953703703703706 0.6104166666666667 0.8953703703703706
1 0.6286458333333333 0.7925925925925928 0.6135416666666667 0.7925925925925928 0.6135416666666667 0.8305555555555557 0.6286458333333333 0.8305555555555557
1 0.6609375 0.8166666666666669 0.6463541666666667 0.8166666666666669 0.6463541666666667 0.8435185185185188 0.6609375 0.8435185185185188
1 0.6489583333333333 0.8055555555555558 0.6333333333333333 0.8055555555555558 0.6333333333333333 0.8287037037037039 0.6489583333333333 0.8287037037037039
1 0.6864583333333333 0.9231481481481484 0.66875 0.9231481481481484 0.66875 0.9583333333333334 0.6864583333333333 0.9583333333333334
1 0.6776041666666667 0.9453703703703705 0.6630208333333333 0.9453703703703705 0.6630208333333333 0.9685185185185186 0.6776041666666667 0.9685185185185186
1 0.6921875 0.9814814814814815 0.6744791666666666 0.9814814814814815 0.6744791666666666 1 0.6921875 1