1 0.3515625 0.5277777777777778 0.33177083333333335 0.5277777777777778 0.33177083333333335 0.5657407407407408 0.3515625 0.5657407407407408
1 0.40989583333333335 0.524074074074074 0.3932291666666667 0.524074074074074 0.3932291666666667 0.5666666666666667 0.40989583333333335 0.5666666666666667
1 0.478125 0.5472222222222223 0.4557291666666667 0.5472222222222223 0.4557291666666667 0.5972222222222222 0.478125 0.5972222222222222
1 0.6140625 0.526851851851852 0.5953125 0.526851851851852 0.5953125 0.5685185185185188 0.6140625 0.5685185185185188
1 0.6026041666666667 0.552777777777778 0.5848958333333333 0.552777777777778 0.5848958333333333 0.5916666666666669 0.6026041666666667 0.5916666666666669
1 0.5213541666666667 0.24166666666666678 0.5005208333333333 0.24166666666666678 0.5005208333333333 0.28333333333333344 0.5213541666666667 0.28333333333333344
1 0.5229166666666667 0.33425925925925937 0.5052083333333334 0.33425925925925937 0.5052083333333334 0.37685185185185194 0.5229166666666667 0.37685185185185194
1 0.5541666666666667 0.31666666666666676 0.5375 0.31666666666666676 0.5375 0.35462962962962974 0.5541666666666667 0.35462962962962974
1 0.640625 0.5083333333333335 0.6286458333333333 0.5083333333333335 0.6286458333333333 0.5379629629629632 0.640625 0.5379629629629632
1 0.6515625 0.5101851851851854 0.6385416666666667 0.5101851851851854 0.6385416666666667 0.540740740740741 0.6515625 0.540740740740741
1 0.6729166666666667 0.5879629629629631 0.6567708333333333 0.5879629629629631 0.6567708333333333 0.6268518518518521 0.6729166666666667 0.6268518518518521
1 0.7234375 0.3916666666666668 0.7052083333333333 0.3916666666666668 0.7052083333333333 0.42777777777777787 0.7234375 0.42777777777777787
1 0.7286458333333333 0.4555555555555557 0.7067708333333333 0.45555555555555566 0.7067708333333333 0.48796296296296315 0.7286458333333333 0.48796296296296315
1 0.7958333333333333 0.5425925925925928 0.7796875 0.5425925925925928 0.7796875 0.5740740740740743 0.7958333333333333 0.5740740740740743
1 0.7890625 0.5555555555555558 0.771875 0.5555555555555558 0.771875 0.5861111111111114 0.7890625 0.5861111111111114
1 0.8041666666666667 0.5722222222222224 0.784375 0.5722222222222224 0.784375 0.6092592592592595 0.8041666666666667 0.6092592592592595
1 0.8302083333333333 0.5314814814814817 0.8125 0.5314814814814817 0.8125 0.5694444444444446 0.8302083333333333 0.5694444444444446
1 0.4875000000000001 0.925925925925926 0.46927083333333347 0.9259259259259259 0.46927083333333347 0.9777777777777777 0.4875000000000001 0.9777777777777777
1 0.5062500000000001 0.940740740740741 0.48593750000000013 0.940740740740741 0.48593750000000013 0.9768518518518519 0.5062500000000001 0.9768518518518519
1 0.6265625 0.8879629629629632 0.6098958333333333 0.8879629629629632 0.6098958333333333 0.926851851851852 0.6265625 0.926851851851852
1 0.6432291666666666 0.8833333333333335 0.6260416666666667 0.8833333333333335 0.6260416666666667 0.915740740740741 0.6432291666666666 0.915740740740741
1 0.6864583333333333 0.852777777777778 0.665625 0.852777777777778 0.665625 0.8851851851851854 0.6864583333333333 0.8851851851851854
1 0.7026041666666667 0.8879629629629632 0.6864583333333333 0.8879629629629632 0.6864583333333333 0.915740740740741 0.7026041666666667 0.915740740740741
1 0.45208333333333334 0.7407407407407407 0.4322916666666667 0.7407407407407407 0.4322916666666667 0.7787037037037037 0.45208333333333334 0.7787037037037037
1 0.4375 0.7398148148148148 0.41875 0.7398148148148148 0.41875 0.7777777777777778 0.4375 0.7777777777777778
1 0.18958333333333338 0.462037037037037 0.1744791666666667 0.462037037037037 0.1744791666666667 0.487962962962963 0.18958333333333338 0.487962962962963
1 0.1989583333333334 0.44907407407407407 0.1833333333333334 0.44907407407407407 0.1833333333333334 0.4722222222222222 0.1989583333333334 0.4722222222222222
1 0.7182291666666667 0.1722222222222224 0.7 0.1722222222222224 0.7 0.2046296296296298 0.7182291666666667 0.2046296296296298
1 0.6921875 0.21481481481481499 0.678125 0.21481481481481499 0.678125 0.2453703703703705 0.6921875 0.2453703703703705