1 0.6552083333333333 0.10370370370370384 0.6223958333333334 0.10370370370370384 0.6223958333333334 0.176851851851852 0.6552083333333333 0.176851851851852
1 0.6421875 0.06481481481481495 0.60625 0.06481481481481495 0.60625 0.14259259259259274 0.6421875 0.14259259259259274
1 0.4765625 0.24351851851851863 0.44583333333333336 0.24351851851851863 0.44583333333333336 0.31944444444444453 0.4765625 0.31944444444444453
1 0.425 0.17592592592592604 0.396875 0.17592592592592604 0.396875 0.22777777777777788 0.425 0.22777777777777788
1 0.42291666666666666 0.31203703703703717 0.396875 0.31203703703703717 0.396875 0.3712962962962964 0.42291666666666666 0.3712962962962964
1 0.4484375 0.4685185185185186 0.425 0.4685185185185186 0.425 0.5138888888888888 0.4484375 0.5138888888888888
1 0.44635416666666666 0.5703703703703704 0.428125 0.5703703703703704 0.428125 0.6129629629629629 0.44635416666666666 0.6129629629629629
1 0.6255208333333333 0.8657407407407409 0.5921875 0.8657407407407409 0.5921875 0.9379629629629632 0.6255208333333333 0.9379629629629632
1 0.2911458333333333 0.7425925925925926 0.2661458333333334 0.7425925925925926 0.2661458333333334 0.799074074074074 0.2911458333333333 0.799074074074074
1 0.07656250000000003 0.5481481481481482 0.04947916666666671 0.5481481481481482 0.04947916666666671 0.5953703703703703 0.07656250000000003 0.5953703703703703
1 0.09062500000000002 0.5259259259259259 0.06718750000000002 0.5259259259259259 0.06718750000000002 0.5685185185185185 0.09062500000000002 0.5685185185185185
1 0.13177083333333336 0.5777777777777777 0.10833333333333336 0.5777777777777777 0.10833333333333336 0.6268518518518519 0.13177083333333336 0.6268518518518519
1 0.0838541666666667 0.5898148148148148 0.06302083333333337 0.5898148148148148 0.06302083333333337 0.6305555555555555 0.0838541666666667 0.6305555555555555
1 0.07187500000000005 0.6138888888888889 0.043229166666666714 0.6138888888888889 0.043229166666666714 0.6722222222222223 0.07187500000000006 0.6722222222222223
1 0.09687500000000004 0.6101851851851852 0.0729166666666667 0.6101851851851852 0.07291666666666671 0.6657407407407407 0.09687500000000006 0.6657407407407407
1 0.14270833333333338 0.8305555555555556 0.11875000000000006 0.8305555555555556 0.11875000000000006 0.875 0.14270833333333338 0.875
1 0.11562500000000006 0.862037037037037 0.09739583333333339 0.862037037037037 0.09739583333333339 0.912962962962963 0.11562500000000006 0.912962962962963
1 0.1364583333333334 0.937962962962963 0.11250000000000006 0.937962962962963 0.11250000000000006 0.9824074074074074 0.1364583333333334 0.9824074074074074
1 0.2411458333333334 0.825925925925926 0.21875000000000006 0.825925925925926 0.21875000000000006 0.8731481481481481 0.2411458333333334 0.8731481481481481