1 0.4083333333333333 0.22777777777777788 0.39010416666666664 0.22777777777777788 0.39010416666666664 0.2601851851851853 0.4083333333333333 0.2601851851851853
1 0.3854166666666667 0.325925925925926 0.37135416666666665 0.325925925925926 0.37135416666666665 0.3555555555555557 0.3854166666666667 0.3555555555555557
1 0.36822916666666666 0.3111111111111112 0.353125 0.3111111111111112 0.353125 0.3379629629629631 0.36822916666666666 0.3379629629629631
1 0.371875 0.2925925925925927 0.36041666666666666 0.2925925925925927 0.36041666666666666 0.31851851851851865 0.371875 0.31851851851851865
1 0.3885416666666667 0.30462962962962975 0.3765625 0.30462962962962975 0.3765625 0.325925925925926 0.3885416666666667 0.325925925925926
1 0.3796875 0.29722222222222233 0.3671875 0.29722222222222233 0.3671875 0.32314814814814824 0.3796875 0.32314814814814824
1 0.4515625 0.42962962962962975 0.4375 0.42962962962962975 0.4375 0.45555555555555566 0.4515625 0.45555555555555566
1 0.3848958333333333 0.46759259259259267 0.37135416666666665 0.46759259259259267 0.37135416666666665 0.49444444444444446 0.3848958333333333 0.49444444444444446
1 0.3109375 0.5861111111111111 0.29322916666666665 0.5861111111111111 0.29322916666666665 0.612037037037037 0.3109375 0.612037037037037
1 0.3015625 0.5638888888888889 0.28958333333333336 0.5638888888888889 0.28958333333333336 0.5879629629629629 0.3015625 0.5879629629629629
1 0.5359375 0.5046296296296299 0.5239583333333333 0.5046296296296299 0.5239583333333333 0.5287037037037039 0.5359375 0.5287037037037039
1 0.6036458333333333 0.388888888888889 0.59375 0.388888888888889 0.59375 0.41018518518518526 0.6036458333333333 0.41018518518518526
1 0.5734375 0.7611111111111113 0.5583333333333333 0.7611111111111113 0.5583333333333333 0.7833333333333335 0.5734375 0.7833333333333335
1 0.4734375 0.6268518518518519 0.46197916666666666 0.6268518518518519 0.46197916666666666 0.6472222222222223 0.4734375 0.6472222222222223
1 0.4020833333333334 0.8537037037037037 0.39375 0.8537037037037037 0.39375000000000004 0.8703703703703703 0.40208333333333346 0.8703703703703703
1 0.4036458333333334 0.8703703703703703 0.39427083333333346 0.8703703703703703 0.39427083333333346 0.8861111111111111 0.4036458333333334 0.8861111111111111
1 0.4265625000000001 0.8777777777777778 0.41770833333333346 0.8777777777777778 0.41770833333333346 0.8888888888888888 0.4265625000000001 0.8888888888888888
1 0.43802083333333347 0.8898148148148148 0.42239583333333347 0.8898148148148148 0.42239583333333347 0.9101851851851852 0.43802083333333347 0.9101851851851852