1 0.5052083333333334 0.3490740740740742 0.490625 0.3490740740740742 0.490625 0.3750000000000001 0.5052083333333334 0.3750000000000001
1 0.4984375 0.36851851851851863 0.4859375 0.36851851851851863 0.4859375 0.3962962962962964 0.4984375 0.3962962962962964
1 0.4864583333333333 0.3611111111111112 0.471875 0.3611111111111112 0.471875 0.388888888888889 0.4864583333333333 0.388888888888889
1 0.5427083333333333 0.2898148148148149 0.5286458333333334 0.2898148148148149 0.5286458333333334 0.3101851851851853 0.5427083333333333 0.3101851851851853
1 0.5677083333333334 0.3962962962962964 0.55625 0.3962962962962964 0.55625 0.4212962962962964 0.5677083333333334 0.4212962962962964
1 0.5932291666666667 0.3916666666666668 0.5776041666666667 0.3916666666666668 0.5776041666666667 0.41203703703703715 0.5932291666666667 0.41203703703703715
1 0.5921875 0.41203703703703715 0.5791666666666667 0.41203703703703715 0.5791666666666667 0.426851851851852 0.5921875 0.426851851851852
1 0.5270833333333333 0.21944444444444455 0.5119791666666667 0.21944444444444455 0.5119791666666667 0.24074074074074084 0.5270833333333333 0.24074074074074084
1 0.2520833333333333 0.043518518518518574 0.24114583333333334 0.043518518518518574 0.24114583333333334 0.05833333333333338 0.2520833333333333 0.05833333333333338
1 0.25885416666666666 0.09259259259259264 0.24739583333333334 0.09259259259259264 0.24739583333333334 0.11018518518518523 0.25885416666666666 0.11018518518518523
1 0.2578125 0.1916666666666667 0.24427083333333333 0.1916666666666667 0.24427083333333333 0.21296296296296302 0.2578125 0.21296296296296302
1 0.28229166666666666 0.725 0.26666666666666666 0.725 0.26666666666666666 0.7518518518518519 0.28229166666666666 0.7518518518518519
1 0.2911458333333333 0.7231481481481481 0.2791666666666667 0.7231481481481481 0.2791666666666667 0.7444444444444445 0.2911458333333333 0.7444444444444445