1 0.5942708333333333 0.3064814814814816 0.5770833333333333 0.3064814814814816 0.5770833333333333 0.3333333333333334 0.5942708333333333 0.3333333333333334
1 0.50625 0.43425925925925934 0.49375 0.43425925925925934 0.49375 0.4546296296296297 0.50625 0.4546296296296297
1 0.37447916666666664 0.37407407407407417 0.3625 0.37407407407407417 0.3625 0.39074074074074083 0.37447916666666664 0.39074074074074083
1 0.4677083333333334 0.8518518518518519 0.45416666666666666 0.8518518518518519 0.4541666666666667 0.875 0.46770833333333345 0.875
1 0.4567708333333334 0.8435185185185186 0.4421875 0.8435185185185186 0.44218750000000007 0.8648148148148148 0.45677083333333346 0.8648148148148148
1 0.3390625 0.662962962962963 0.3296875 0.662962962962963 0.3296875 0.6787037037037037 0.3390625 0.6787037037037037
1 0.32916666666666666 0.6638888888888889 0.32083333333333336 0.6638888888888889 0.32083333333333336 0.6777777777777778 0.32916666666666666 0.6777777777777778
1 0.3203125 0.6685185185185185 0.3109375 0.6685185185185185 0.3109375 0.6842592592592592 0.3203125 0.6842592592592592
1 0.6734375 0.6814814814814817 0.6619791666666667 0.6814814814814817 0.6619791666666667 0.7092592592592595 0.6734375 0.7092592592592595
1 0.6421875 0.6870370370370372 0.6286458333333333 0.6870370370370372 0.6286458333333333 0.7074074074074076 0.6421875 0.7074074074074076
1 0.6151041666666667 0.7231481481481483 0.6026041666666667 0.7231481481481483 0.6026041666666667 0.7435185185185187 0.6151041666666667 0.7435185185185187
1 0.6276041666666666 0.7166666666666669 0.615625 0.7166666666666669 0.615625 0.739814814814815 0.6276041666666666 0.739814814814815
1 0.6354166666666666 0.7546296296296299 0.6208333333333333 0.7546296296296299 0.6208333333333333 0.7731481481481484 0.6354166666666666 0.7731481481481484
1 0.6213541666666667 0.7518518518518521 0.6078125 0.7518518518518521 0.6078125 0.776851851851852 0.6213541666666667 0.776851851851852
1 0.521875 0.714814814814815 0.509375 0.714814814814815 0.509375 0.7416666666666669 0.521875 0.7416666666666669
1 0.521875 0.6111111111111113 0.5119791666666667 0.6111111111111113 0.5119791666666667 0.6351851851851854 0.521875 0.6351851851851854
1 0.5395833333333333 0.5907407407407409 0.5265625 0.5907407407407409 0.5265625 0.6175925925925928 0.5395833333333333 0.6175925925925928
1 0.321875 0.6055555555555555 0.31145833333333334 0.6055555555555555 0.31145833333333334 0.6296296296296297 0.321875 0.6296296296296297