1 0.3734375 0.5324074074074074 0.35989583333333336 0.5324074074074074 0.35989583333333336 0.5601851851851852 0.3734375 0.5601851851851852
1 0.36770833333333336 0.5685185185185185 0.35520833333333335 0.5685185185185185 0.35520833333333335 0.5898148148148148 0.36770833333333336 0.5898148148148148
1 0.3578125 0.5388888888888889 0.3458333333333333 0.5388888888888889 0.3458333333333333 0.5592592592592592 0.3578125 0.5592592592592592
1 0.3578125 0.5564814814814815 0.34427083333333336 0.5564814814814815 0.34427083333333336 0.575925925925926 0.3578125 0.575925925925926
1 0.3416666666666667 0.5611111111111111 0.3260416666666667 0.5611111111111111 0.3260416666666667 0.5814814814814815 0.3416666666666667 0.5814814814814815
1 0.34791666666666665 0.49537037037037035 0.334375 0.49537037037037035 0.334375 0.5231481481481481 0.34791666666666665 0.5231481481481481
1 0.3651041666666667 0.46944444444444455 0.3515625 0.46944444444444455 0.3515625 0.4981481481481482 0.3651041666666667 0.4981481481481482
1 0.3494791666666667 0.4111111111111112 0.33697916666666666 0.4111111111111112 0.33697916666666666 0.4351851851851853 0.3494791666666667 0.4351851851851853
1 0.32395833333333335 0.4148148148148149 0.31197916666666664 0.4148148148148149 0.31197916666666664 0.43796296296296305 0.32395833333333335 0.43796296296296305
1 0.5692708333333333 0.4175925925925927 0.5583333333333333 0.4175925925925927 0.5583333333333333 0.43425925925925934 0.5692708333333333 0.43425925925925934
1 0.5708333333333333 0.4250000000000001 0.5609375 0.4250000000000001 0.5609375 0.4425925925925927 0.5708333333333333 0.4425925925925927
1 0.5317708333333333 0.652777777777778 0.5239583333333333 0.652777777777778 0.5239583333333333 0.6712962962962965 0.5317708333333333 0.6712962962962965
1 0.49895833333333334 0.6351851851851854 0.490625 0.6351851851851854 0.490625 0.6500000000000002 0.49895833333333334 0.6500000000000002
1 0.3265625 0.7185185185185186 0.31666666666666665 0.7185185185185186 0.31666666666666665 0.7342592592592593 0.3265625 0.7342592592592593
1 0.3489583333333333 0.6787037037037037 0.33541666666666664 0.6787037037037037 0.33541666666666664 0.7046296296296296 0.3489583333333333 0.7046296296296296
1 0.415625 0.16574074074074086 0.4046875 0.16574074074074086 0.4046875 0.18611111111111123 0.415625 0.18611111111111123
1 0.4036458333333333 0.16944444444444454 0.39166666666666666 0.16944444444444454 0.39166666666666666 0.18796296296296308 0.4036458333333333 0.18796296296296308
1 0.4041666666666667 0.18518518518518529 0.3921875 0.18518518518518529 0.3921875 0.20555555555555566 0.4041666666666667 0.20555555555555566
1 0.4010416666666667 0.2074074074074075 0.39010416666666664 0.2074074074074075 0.39010416666666664 0.22685185185185194 0.4010416666666667 0.22685185185185194
1 0.39166666666666666 0.17685185185185195 0.3807291666666667 0.17685185185185195 0.3807291666666667 0.20185185185185195 0.39166666666666666 0.20185185185185195
1 0.38385416666666666 0.1675925925925927 0.3697916666666667 0.1675925925925927 0.3697916666666667 0.1898148148148149 0.38385416666666666 0.1898148148148149
1 0.3890625 0.1425925925925927 0.3770833333333333 0.1425925925925927 0.3770833333333333 0.1611111111111112 0.3890625 0.1611111111111112
1 0.3802083333333333 0.14722222222222234 0.3697916666666667 0.14722222222222234 0.3697916666666667 0.16574074074074086 0.3802083333333333 0.16574074074074086
1 0.37552083333333336 0.1537037037037038 0.3625 0.15370370370370376 0.3625 0.17962962962962972 0.37552083333333336 0.17962962962962972
1 0.3572916666666667 0.1518518518518519 0.34427083333333336 0.1518518518518519 0.34427083333333336 0.17129629629629634 0.3572916666666667 0.17129629629629634