1 0.49895833333333334 0.2425925925925927 0.4822916666666667 0.2425925925925927 0.4822916666666667 0.2777777777777779 0.49895833333333334 0.2777777777777779
1 0.4765625 0.24907407407407417 0.4625 0.24907407407407417 0.4625 0.27685185185185196 0.4765625 0.27685185185185196
1 0.6364583333333333 0.8120370370370372 0.6234375 0.8120370370370372 0.6234375 0.8370370370370372 0.6364583333333333 0.8370370370370372
1 0.6364583333333333 0.8425925925925928 0.6208333333333333 0.8425925925925928 0.6208333333333333 0.8666666666666669 0.6364583333333333 0.8666666666666669
1 0.646875 0.8583333333333335 0.6265625 0.8583333333333335 0.6265625 0.8861111111111113 0.646875 0.8861111111111113
1 0.39114583333333336 0.7675925925925926 0.37552083333333336 0.7675925925925926 0.37552083333333336 0.7916666666666666 0.39114583333333336 0.7916666666666666
1 0.4640625 0.6796296296296296 0.45208333333333334 0.6796296296296296 0.45208333333333334 0.7018518518518518 0.4640625 0.7018518518518518
1 0.6260416666666667 0.6092592592592595 0.6109375 0.6092592592592595 0.6109375 0.6333333333333335 0.6260416666666667 0.6333333333333335
1 0.6203125 0.5768518518518521 0.6052083333333333 0.5768518518518521 0.6052083333333333 0.6046296296296299 0.6203125 0.6046296296296299
1 0.6973958333333333 0.7990740740740743 0.6833333333333333 0.7990740740740743 0.6833333333333333 0.8268518518518521 0.6973958333333333 0.8268518518518521
1 0.6833333333333333 0.7935185185185187 0.6692708333333334 0.7935185185185187 0.6692708333333334 0.8185185185185188 0.6833333333333333 0.8185185185185188
1 0.6869791666666667 0.8138888888888891 0.6708333333333333 0.8138888888888891 0.6708333333333333 0.839814814814815 0.6869791666666667 0.839814814814815
1 0.6677083333333333 0.7925925925925928 0.6536458333333334 0.7925925925925928 0.6536458333333334 0.8194444444444446 0.6677083333333333 0.8194444444444446
1 0.7182291666666667 0.9055555555555558 0.7046875 0.9055555555555558 0.7046875 0.9333333333333336 0.7182291666666667 0.9333333333333336
1 0.7145833333333333 0.8750000000000002 0.7 0.8750000000000002 0.7 0.901851851851852 0.7145833333333333 0.901851851851852
1 0.25572916666666673 0.6240740740740741 0.2380208333333334 0.6240740740740741 0.2380208333333334 0.6453703703703704 0.25572916666666673 0.6453703703703704
1 0.2864583333333333 0.6657407407407407 0.27447916666666666 0.6657407407407407 0.27447916666666666 0.687962962962963 0.2864583333333333 0.687962962962963
1 0.2916666666666667 0.6574074074074074 0.2796875 0.6574074074074074 0.2796875 0.6787037037037037 0.2916666666666667 0.6787037037037037
1 0.2213541666666667 0.6564814814814814 0.2005208333333334 0.6564814814814814 0.2005208333333334 0.6851851851851852 0.2213541666666667 0.6851851851851852
1 0.5953125 0.39444444444444454 0.5817708333333333 0.39444444444444454 0.5817708333333333 0.4185185185185186 0.5953125 0.4185185185185186
1 0.7255208333333333 0.950925925925926 0.7083333333333334 0.950925925925926 0.7083333333333334 0.9833333333333333 0.7255208333333333 0.9833333333333333