1 0.5453125 0.8712962962962965 0.5312500000000001 0.8712962962962965 0.5312500000000001 0.9009259259259261 0.5453125 0.9009259259259261
1 0.3390625 0.4759259259259259 0.32395833333333335 0.4759259259259259 0.32395833333333335 0.5055555555555555 0.3390625 0.5055555555555555
1 0.30416666666666664 0.40833333333333344 0.2864583333333333 0.40833333333333344 0.2864583333333333 0.4324074074074075 0.30416666666666664 0.4324074074074075
1 0.3651041666666667 0.32314814814814824 0.35208333333333336 0.32314814814814824 0.35208333333333336 0.3416666666666668 0.3651041666666667 0.3416666666666668
1 0.3776041666666667 0.31851851851851865 0.36354166666666665 0.31851851851851865 0.36354166666666665 0.3462962962962964 0.3776041666666667 0.3462962962962964
1 0.3671875 0.36666666666666675 0.35520833333333335 0.36666666666666675 0.35520833333333335 0.38611111111111124 0.3671875 0.38611111111111124
1 0.3515625 0.49722222222222223 0.3359375 0.49722222222222223 0.3359375 0.512962962962963 0.3515625 0.512962962962963
1 0.34791666666666665 0.5157407407407407 0.33645833333333336 0.5157407407407407 0.33645833333333336 0.5361111111111111 0.34791666666666665 0.5361111111111111
1 0.25729166666666675 0.43703703703703717 0.24375000000000005 0.43703703703703717 0.24375000000000005 0.4583333333333334 0.25729166666666675 0.4583333333333334
1 0.6979166666666666 0.6833333333333336 0.6885416666666667 0.6833333333333336 0.6885416666666667 0.7009259259259262 0.6979166666666666 0.7009259259259262
1 0.7411458333333333 0.689814814814815 0.7338541666666667 0.689814814814815 0.7338541666666667 0.7064814814814817 0.7411458333333333 0.7064814814814817