1 0.5671875 0.7611111111111113 0.5546875 0.7611111111111113 0.5546875 0.7953703703703706 0.5671875 0.7953703703703706
1 0.5484375 0.815740740740741 0.5348958333333333 0.815740740740741 0.5348958333333333 0.8500000000000002 0.5484375 0.8500000000000002
1 0.5484375 0.776851851851852 0.5364583333333334 0.776851851851852 0.5364583333333334 0.8111111111111113 0.5484375 0.8111111111111113
1 0.5385416666666667 0.790740740740741 0.521875 0.790740740740741 0.521875 0.8194444444444446 0.5385416666666667 0.8194444444444446
1 0.5421875 0.8481481481481483 0.5265625 0.8481481481481483 0.5265625 0.8805555555555558 0.5421875 0.8805555555555558
1 0.5265625 0.8472222222222224 0.5125 0.8472222222222224 0.5125000000000001 0.8861111111111113 0.5265625000000002 0.8861111111111113
1 0.38333333333333336 0.8166666666666667 0.371875 0.8166666666666667 0.371875 0.8435185185185186 0.38333333333333336 0.8435185185185186
1 0.40833333333333344 0.8629629629629629 0.3937500000000001 0.8629629629629629 0.3937500000000001 0.8925925925925926 0.40833333333333344 0.8925925925925926
1 0.6640625 0.7342592592592595 0.6546875 0.7342592592592595 0.6546875 0.7564814814814816 0.6640625 0.7564814814814816
1 0.6557291666666667 0.7305555555555557 0.646875 0.7305555555555557 0.646875 0.7509259259259261 0.6557291666666667 0.7509259259259261
1 0.2703125 0.13240740740740747 0.2526041666666667 0.13240740740740747 0.2526041666666667 0.162962962962963 0.2703125 0.162962962962963
1 0.28020833333333334 0.150925925925926 0.2677083333333333 0.150925925925926 0.2677083333333333 0.18518518518518523 0.28020833333333334 0.18518518518518523
1 0.22500000000000006 0.5277777777777778 0.20885416666666673 0.5277777777777778 0.20885416666666673 0.5537037037037037 0.22500000000000006 0.5537037037037037