1 0.5151041666666667 0.45740740740740754 0.4979166666666667 0.45740740740740754 0.4979166666666667 0.4805555555555558 0.5151041666666667 0.4805555555555558
1 0.5223958333333333 0.4351851851851853 0.5067708333333333 0.4351851851851853 0.5067708333333333 0.45740740740740754 0.5223958333333333 0.45740740740740754
1 0.5338541666666666 0.4361111111111112 0.5203125 0.4361111111111112 0.5203125 0.46574074074074084 0.5338541666666666 0.46574074074074084
1 0.48072916666666665 0.5148148148148148 0.46510416666666665 0.5148148148148148 0.46510416666666665 0.537962962962963 0.48072916666666665 0.537962962962963
1 0.41041666666666665 0.46574074074074084 0.3958333333333333 0.46574074074074084 0.3958333333333333 0.487962962962963 0.41041666666666665 0.487962962962963
1 0.43072916666666666 0.4231481481481483 0.41302083333333334 0.4231481481481483 0.41302083333333334 0.44351851851851865 0.43072916666666666 0.44351851851851865
1 0.4265625 0.4027777777777779 0.41458333333333336 0.4027777777777779 0.41458333333333336 0.42407407407407416 0.4265625 0.42407407407407416
1 0.496875 0.587962962962963 0.4822916666666667 0.5879629629629629 0.4822916666666667 0.6101851851851853 0.496875 0.6101851851851854
1 0.7572916666666667 0.7425925925925928 0.7453125 0.7425925925925928 0.7453125 0.7620370370370373 0.7572916666666667 0.7620370370370373
1 0.5885416666666666 0.8768518518518521 0.5817708333333333 0.8768518518518521 0.5817708333333333 0.8842592592592595 0.5885416666666666 0.8842592592592595
1 0.5760416666666667 0.9333333333333336 0.5697916666666667 0.9333333333333336 0.5697916666666667 0.9425925925925928 0.5760416666666667 0.9425925925925928
1 0.6427083333333333 0.9722222222222222 0.6364583333333333 0.9722222222222222 0.6364583333333333 0.9814814814814815 0.6427083333333333 0.9814814814814815
1 0.6630208333333333 0.987037037037037 0.6567708333333333 0.987037037037037 0.6567708333333333 0.9981481481481481 0.6630208333333333 0.9981481481481481
1 0.6666666666666666 0.8944444444444447 0.6578125 0.8944444444444447 0.6578125 0.9074074074074077 0.6666666666666666 0.9074074074074077
1 0.6166666666666667 0.8629629629629632 0.6098958333333333 0.8629629629629632 0.6098958333333333 0.8703703703703706 0.6166666666666667 0.8703703703703706
1 0.5536458333333333 0.8953703703703706 0.5484375 0.8953703703703706 0.5484375 0.9055555555555558 0.5536458333333333 0.9055555555555558
1 0.7484375 0.041666666666666824 0.728125 0.041666666666666824 0.728125 0.06666666666666682 0.7484375 0.06666666666666682