1 0.17604166666666674 0.5796296296296296 0.15572916666666672 0.5796296296296296 0.15572916666666672 0.6157407407407407 0.17604166666666674 0.6157407407407407
1 0.19218750000000007 0.5814814814814815 0.16875000000000007 0.5814814814814815 0.16875000000000007 0.6231481481481481 0.19218750000000007 0.6231481481481481
1 0.2473958333333334 0.6064814814814815 0.2239583333333334 0.6064814814814815 0.2239583333333334 0.6425925925925926 0.2473958333333334 0.6425925925925926
1 0.359375 0.5777777777777777 0.3416666666666667 0.5777777777777777 0.3416666666666667 0.6148148148148148 0.359375 0.6148148148148148
1 0.35989583333333336 0.6018518518518519 0.33697916666666666 0.6018518518518519 0.33697916666666666 0.6370370370370371 0.35989583333333336 0.6370370370370371
1 0.365625 0.3750000000000001 0.3453125 0.3750000000000001 0.3453125 0.40462962962962973 0.365625 0.40462962962962973
1 0.4609375 0.5583333333333333 0.446875 0.5583333333333333 0.446875 0.5944444444444444 0.4609375 0.5944444444444444
1 0.47291666666666665 0.5435185185185185 0.45625 0.5435185185185185 0.45625 0.5833333333333334 0.47291666666666665 0.5833333333333334
1 0.5328125 0.49166666666666686 0.515625 0.49166666666666686 0.515625 0.5361111111111113 0.5328125 0.5361111111111113
1 0.5770833333333333 0.5861111111111114 0.5619791666666667 0.5861111111111114 0.5619791666666667 0.6314814814814816 0.5770833333333333 0.6314814814814816
1 0.5932291666666667 0.5833333333333336 0.5755208333333334 0.5833333333333336 0.5755208333333334 0.6231481481481483 0.5932291666666667 0.6231481481481483
1 0.5921875 0.614814814814815 0.5682291666666667 0.614814814814815 0.5682291666666667 0.6564814814814817 0.5921875 0.6564814814814817
1 0.5046875 0.6388888888888891 0.48385416666666664 0.6388888888888891 0.48385416666666664 0.6805555555555558 0.5046875 0.6805555555555558
1 0.4786458333333333 0.6842592592592592 0.4625 0.6842592592592592 0.4625 0.7185185185185186 0.4786458333333333 0.7185185185185186
1 0.4947916666666668 0.9092592592592593 0.4765625000000001 0.9092592592592592 0.4765625000000001 0.9537037037037037 0.4947916666666668 0.9537037037037037
1 0.5421875 0.9546296296296296 0.5286458333333335 0.9546296296296296 0.5286458333333335 0.987037037037037 0.5421875 0.987037037037037
1 0.45989583333333345 0.9333333333333333 0.4447916666666668 0.9333333333333333 0.4447916666666668 0.9657407407407408 0.45989583333333345 0.9657407407407408
1 0.44427083333333345 0.9361111111111111 0.42864583333333345 0.9361111111111111 0.42864583333333345 0.9814814814814815 0.44427083333333345 0.9814814814814815
1 0.30052083333333346 0.9583333333333334 0.2822916666666668 0.9583333333333334 0.2822916666666668 1 0.30052083333333346 1
1 0.31458333333333344 0.9666666666666667 0.2979166666666668 0.9666666666666667 0.2979166666666668 0.9981481481481481 0.31458333333333344 0.9981481481481481
1 0.1473958333333334 0.8805555555555555 0.12968750000000007 0.8805555555555555 0.12968750000000007 0.9175925925925926 0.1473958333333334 0.9175925925925926
1 0.2489583333333334 0.9611111111111111 0.23541666666666672 0.9611111111111111 0.23541666666666672 0.9916666666666667 0.2489583333333334 0.9916666666666667
1 0.43385416666666665 0.19074074074074085 0.4203125 0.19074074074074085 0.4203125 0.21944444444444455 0.43385416666666665 0.21944444444444455
1 0.7265625 0.3481481481481483 0.7046875 0.34814814814814826 0.7046875 0.39351851851851866 0.7265625 0.3935185185185187