1 0.6828125 0.702777777777778 0.665625 0.702777777777778 0.665625 0.7453703703703706 0.6828125 0.7453703703703706
1 0.6963541666666667 0.7212962962962965 0.678125 0.7212962962962965 0.678125 0.7546296296296299 0.6963541666666667 0.7546296296296299
1 0.70625 0.7129629629629631 0.6911458333333333 0.7129629629629631 0.6911458333333333 0.7500000000000002 0.70625 0.7500000000000002
1 0.38645833333333335 0.8138888888888889 0.37604166666666666 0.8138888888888889 0.37604166666666666 0.8407407407407408 0.38645833333333335 0.8407407407407408
1 0.39062500000000006 0.8287037037037037 0.37916666666666665 0.8287037037037037 0.3791666666666667 0.8638888888888889 0.3906250000000001 0.8638888888888889
1 0.6020833333333333 0.9537037037037037 0.5880208333333333 0.9537037037037037 0.5880208333333333 0.9824074074074074 0.6020833333333333 0.9824074074074074
1 0.6140625 0.950925925925926 0.5963541666666666 0.950925925925926 0.5963541666666666 0.9805555555555555 0.6140625 0.9805555555555555
1 0.3296875 0.5685185185185185 0.3104166666666667 0.5685185185185185 0.3104166666666667 0.5972222222222222 0.3296875 0.5972222222222222
1 0.3177083333333333 0.5435185185185185 0.3046875 0.5435185185185185 0.3046875 0.5694444444444444 0.3177083333333333 0.5694444444444444
1 0.31666666666666665 0.5768518518518518 0.30520833333333336 0.5768518518518518 0.30520833333333336 0.600925925925926 0.31666666666666665 0.600925925925926
1 0.3328125 0.5509259259259259 0.3203125 0.5509259259259259 0.3203125 0.5796296296296296 0.3328125 0.5796296296296296
1 0.29010416666666666 0.5388888888888889 0.2765625 0.5388888888888889 0.2765625 0.5666666666666667 0.29010416666666666 0.5666666666666667