1 0.6244791666666667 0.2240740740740742 0.5859375 0.22407407407407418 0.5859375 0.3064814814814816 0.6244791666666667 0.3064814814814816
1 0.8369791666666667 0.064814814814815 0.8010416666666667 0.064814814814815 0.8010416666666667 0.14351851851851868 0.8369791666666667 0.14351851851851868
1 0.8645833333333334 0.0972222222222224 0.8234375 0.0972222222222224 0.8234375 0.17685185185185204 0.8645833333333334 0.17685185185185207
1 0.9588541666666667 0.04722222222222243 0.915625 0.04722222222222242 0.915625 0.12129629629629651 0.9588541666666667 0.12129629629629651
1 0.8723958333333334 0.22962962962962982 0.8338541666666667 0.2296296296296298 0.8338541666666667 0.29907407407407427 0.8723958333333334 0.29907407407407427
1 0.48489583333333336 0.29444444444444456 0.45989583333333334 0.29444444444444456 0.45989583333333334 0.35648148148148157 0.48489583333333336 0.35648148148148157
1 0.2661458333333334 0.5148148148148148 0.2427083333333334 0.5148148148148148 0.2427083333333334 0.5703703703703704 0.2661458333333334 0.5703703703703704
1 0.21510416666666674 0.5703703703703704 0.18385416666666674 0.5703703703703704 0.18385416666666674 0.6388888888888888 0.21510416666666674 0.6388888888888888
1 0.15781250000000005 0.5259259259259259 0.12552083333333336 0.5259259259259259 0.12552083333333336 0.587037037037037 0.15781250000000005 0.587037037037037
1 0.11822916666666669 0.5842592592592593 0.09531250000000004 0.5842592592592593 0.09531250000000004 0.6370370370370371 0.11822916666666669 0.6370370370370371
1 0.15416666666666673 0.6129629629629629 0.11406250000000002 0.6129629629629629 0.11406250000000004 0.6787037037037037 0.15416666666666673 0.6787037037037037
1 0.19531250000000006 0.8481481481481481 0.16406250000000006 0.8481481481481481 0.16406250000000006 0.9037037037037037 0.19531250000000006 0.9037037037037037
1 0.15156250000000007 0.8824074074074074 0.12291666666666673 0.8824074074074074 0.12291666666666673 0.9388888888888889 0.15156250000000007 0.9388888888888889
1 0.36614583333333334 0.7620370370370371 0.3390625 0.7620370370370371 0.3390625 0.8074074074074075 0.36614583333333334 0.8074074074074075
1 0.509375 0.4648148148148149 0.49375 0.4648148148148149 0.49375 0.5037037037037039 0.509375 0.5037037037037039
1 0.4901041666666667 0.5750000000000001 0.47708333333333336 0.575 0.47708333333333336 0.6120370370370372 0.4901041666666667 0.6120370370370373