1 0.6296875 0.7314814814814817 0.6114583333333333 0.7314814814814817 0.6114583333333333 0.7638888888888891 0.6296875 0.7638888888888891
1 0.5859375 0.7194444444444447 0.5692708333333333 0.7194444444444447 0.5692708333333333 0.7500000000000002 0.5859375 0.7500000000000002
1 0.5609375 0.7342592592592595 0.5458333333333333 0.7342592592592595 0.5458333333333333 0.7564814814814816 0.5609375 0.7564814814814816
1 0.5645833333333333 0.7546296296296299 0.5494791666666666 0.7546296296296299 0.5494791666666666 0.7833333333333335 0.5645833333333333 0.7833333333333335
1 0.5744791666666667 0.7509259259259261 0.5630208333333333 0.7509259259259261 0.5630208333333333 0.7805555555555558 0.5744791666666667 0.7805555555555558
1 0.5989583333333334 0.7638888888888891 0.5776041666666667 0.7638888888888891 0.5776041666666667 0.7953703703703706 0.5989583333333334 0.7953703703703706
1 0.6151041666666667 0.8009259259259262 0.6026041666666667 0.8009259259259262 0.6026041666666667 0.8268518518518521 0.6151041666666667 0.8268518518518521
1 0.5723958333333333 0.7833333333333335 0.5583333333333333 0.7833333333333335 0.5583333333333333 0.8101851851851853 0.5723958333333333 0.8101851851851853
1 0.5625 0.7851851851851854 0.55 0.7851851851851854 0.55 0.8120370370370372 0.5625 0.8120370370370372
1 0.42552083333333335 0.825 0.41510416666666666 0.825 0.41510416666666666 0.8453703703703703 0.42552083333333335 0.8453703703703703
1 0.43020833333333336 0.8314814814814815 0.4197916666666667 0.8314814814814815 0.4197916666666667 0.8537037037037037 0.43020833333333336 0.8537037037037037
1 0.6052083333333333 0.3500000000000001 0.5911458333333334 0.3500000000000001 0.5911458333333334 0.37407407407407417 0.6052083333333333 0.37407407407407417
1 0.8234375 0.40185185185185207 0.8140625 0.40185185185185207 0.8140625 0.4231481481481484 0.8234375 0.4231481481481484
1 0.846875 0.6101851851851854 0.8375 0.6101851851851854 0.8375 0.627777777777778 0.846875 0.627777777777778
1 0.6921875 0.5916666666666669 0.6776041666666667 0.5916666666666669 0.6776041666666667 0.6101851851851854 0.6921875 0.6101851851851854
1 0.7354166666666667 0.6685185185185187 0.7223958333333333 0.6685185185185187 0.7223958333333333 0.6962962962962965 0.7354166666666667 0.6962962962962965
1 0.7401041666666667 0.6398148148148151 0.7239583333333334 0.6398148148148151 0.7239583333333334 0.665740740740741 0.7401041666666667 0.665740740740741
1 0.7276041666666667 0.7157407407407409 0.7177083333333333 0.7157407407407409 0.7177083333333333 0.7388888888888892 0.7276041666666667 0.7388888888888892
1 0.421875 0.41944444444444456 0.4119791666666667 0.41944444444444456 0.4119791666666667 0.4361111111111112 0.421875 0.4361111111111112