1 0.3463541666666667 0.7046296296296296 0.33125 0.7046296296296296 0.33125 0.7342592592592593 0.3463541666666667 0.7342592592592593
1 0.4776041666666667 0.8314814814814815 0.4609375 0.8314814814814815 0.46093750000000006 0.862037037037037 0.4776041666666668 0.862037037037037
1 0.5046875 0.8361111111111114 0.4953125 0.8361111111111114 0.4953125 0.8583333333333335 0.5046875 0.8583333333333335
1 0.5348958333333333 0.8037037037037039 0.5229166666666667 0.8037037037037039 0.5229166666666667 0.8259259259259262 0.5348958333333333 0.8259259259259262
1 0.4791666666666667 0.7703703703703704 0.46822916666666664 0.7703703703703704 0.46822916666666664 0.7962962962962963 0.4791666666666667 0.7962962962962963
1 0.36562500000000014 0.9222222222222223 0.3494791666666668 0.9222222222222223 0.3494791666666668 0.950925925925926 0.36562500000000014 0.950925925925926
1 0.3276041666666668 0.9287037037037037 0.3151041666666668 0.9287037037037037 0.3151041666666668 0.9564814814814815 0.3276041666666668 0.9564814814814815
1 0.30104166666666676 0.9342592592592592 0.2843750000000001 0.9342592592592592 0.2843750000000001 0.9703703703703703 0.30104166666666676 0.9703703703703703
1 0.26510416666666675 0.8638888888888889 0.2520833333333334 0.8638888888888889 0.2520833333333334 0.8981481481481481 0.26510416666666675 0.8981481481481481
1 0.2369791666666667 0.8777777777777778 0.2213541666666667 0.8777777777777778 0.2213541666666667 0.9157407407407407 0.2369791666666667 0.9157407407407407
1 0.2067708333333334 0.9175925925925926 0.1927083333333334 0.9175925925925926 0.1927083333333334 0.9481481481481482 0.2067708333333334 0.9481481481481482
1 0.6635416666666667 0.777777777777778 0.6515625 0.777777777777778 0.6515625 0.8000000000000002 0.6635416666666667 0.8000000000000002
1 0.6286458333333333 0.6925925925925928 0.6208333333333333 0.6925925925925928 0.6208333333333333 0.7138888888888891 0.6286458333333333 0.7138888888888891
1 0.6416666666666667 0.6351851851851854 0.6338541666666667 0.6351851851851854 0.6338541666666667 0.6583333333333335 0.6416666666666667 0.6583333333333335
1 0.6588541666666666 0.6129629629629632 0.6489583333333333 0.6129629629629632 0.6489583333333333 0.6379629629629632 0.6588541666666666 0.6379629629629632
1 0.6677083333333333 0.5990740740740743 0.659375 0.5990740740740743 0.659375 0.6194444444444447 0.6677083333333333 0.6194444444444447
1 0.6947916666666667 0.6074074074074076 0.6848958333333334 0.6074074074074076 0.6848958333333334 0.6314814814814816 0.6947916666666667 0.6314814814814816
1 0.6635416666666667 0.6648148148148151 0.6526041666666667 0.6648148148148151 0.6526041666666667 0.6851851851851853 0.6635416666666667 0.6851851851851853
1 0.71875 0.7129629629629631 0.7088541666666667 0.7129629629629631 0.7088541666666667 0.7333333333333335 0.71875 0.7333333333333335
1 0.725 0.776851851851852 0.7151041666666667 0.776851851851852 0.7151041666666667 0.7953703703703706 0.725 0.7953703703703706
1 0.7203125 0.8888888888888891 0.7109375 0.8888888888888891 0.7109375 0.9111111111111113 0.7203125 0.9111111111111113
1 0.7484375 0.8453703703703705 0.7354166666666667 0.8453703703703705 0.7354166666666667 0.8675925925925928 0.7484375 0.8675925925925928
1 0.7854166666666667 0.8703703703703706 0.775 0.8703703703703706 0.775 0.8907407407407409 0.7854166666666667 0.8907407407407409
1 0.8 0.8092592592592595 0.7875 0.8092592592592595 0.7875 0.827777777777778 0.8 0.827777777777778
1 0.7458333333333333 0.565740740740741 0.7333333333333333 0.565740740740741 0.7333333333333333 0.5870370370370372 0.7458333333333333 0.5870370370370372
1 0.7145833333333333 0.5888888888888891 0.7052083333333333 0.5888888888888891 0.7052083333333333 0.6074074074074076 0.7145833333333333 0.6074074074074076
1 0.8473958333333333 0.5462962962962965 0.8395833333333333 0.5462962962962965 0.8395833333333333 0.5620370370370372 0.8473958333333333 0.5620370370370372
1 0.88125 0.5759259259259262 0.8723958333333334 0.5759259259259262 0.8723958333333334 0.5944444444444447 0.88125 0.5944444444444447
1 0.8765625 0.6462962962962965 0.8661458333333333 0.6462962962962965 0.8661458333333333 0.6675925925925928 0.8765625 0.6675925925925928
1 0.8182291666666667 0.6175925925925928 0.8083333333333333 0.6175925925925928 0.8083333333333333 0.6370370370370373 0.8182291666666667 0.6370370370370373
1 0.8348958333333333 0.6805555555555558 0.825 0.6805555555555558 0.825 0.7009259259259262 0.8348958333333333 0.7009259259259262
1 0.8463541666666666 0.7953703703703706 0.8380208333333333 0.7953703703703706 0.8380208333333333 0.8129629629629632 0.8463541666666666 0.8129629629629632
1 0.8526041666666667 0.7944444444444446 0.8432291666666667 0.7944444444444446 0.8432291666666667 0.8074074074074076 0.8526041666666667 0.8074074074074076
1 0.8666666666666667 0.7657407407407409 0.8567708333333334 0.7657407407407409 0.8567708333333334 0.7833333333333335 0.8666666666666667 0.7833333333333335
1 0.8963541666666667 0.7370370370370373 0.8875 0.7370370370370373 0.8875 0.7564814814814816 0.8963541666666667 0.7564814814814816
1 0.8776041666666666 0.8898148148148151 0.8682291666666667 0.8898148148148151 0.8682291666666667 0.9064814814814817 0.8776041666666666 0.9064814814814817
1 0.871875 0.8842592592592595 0.8640625 0.8842592592592595 0.8640625 0.8990740740740742 0.871875 0.8990740740740742
1 0.8630208333333333 0.8759259259259261 0.8541666666666666 0.8759259259259261 0.8541666666666666 0.8935185185185187 0.8630208333333333 0.8935185185185187
1 0.8567708333333334 0.8805555555555558 0.8479166666666667 0.8805555555555558 0.8479166666666667 0.8953703703703706 0.8567708333333334 0.8953703703703706
1 0.6203125 0.6342592592592595 0.6098958333333333 0.6342592592592595 0.6098958333333333 0.652777777777778 0.6203125 0.652777777777778
1 0.6255208333333333 0.45740740740740754 0.6197916666666666 0.45740740740740754 0.6197916666666666 0.47314814814814826 0.6255208333333333 0.47314814814814826
1 0.6447916666666667 0.4805555555555558 0.6380208333333334 0.4805555555555558 0.6380208333333334 0.4962962962962965 0.6447916666666667 0.4962962962962965
1 0.6166666666666667 0.5333333333333335 0.6067708333333334 0.5333333333333335 0.6067708333333334 0.5481481481481484 0.6166666666666667 0.5481481481481484
1 0.640625 0.5546296296296298 0.6317708333333333 0.5546296296296298 0.6317708333333333 0.5685185185185188 0.640625 0.5685185185185188
1 0.684375 0.7972222222222224 0.6765625 0.7972222222222224 0.6765625 0.8129629629629632 0.684375 0.8129629629629632
1 0.6973958333333333 0.8074074074074076 0.6890625 0.8074074074074076 0.6890625 0.8203703703703705 0.6973958333333333 0.8203703703703705
1 0.9161458333333333 0.7722222222222225 0.9083333333333333 0.7722222222222225 0.9083333333333333 0.7898148148148151 0.9161458333333333 0.7898148148148151