1 0.4005208333333333 0.43703703703703717 0.3828125 0.43703703703703717 0.3828125 0.47314814814814826 0.4005208333333333 0.47314814814814826
1 0.37916666666666665 0.4546296296296297 0.3614583333333333 0.4546296296296297 0.3614583333333333 0.49074074074074076 0.37916666666666665 0.49074074074074076
1 0.35208333333333336 0.55 0.33125 0.55 0.33125 0.587037037037037 0.35208333333333336 0.587037037037037
1 0.3546875 0.38796296296296306 0.3390625 0.38796296296296306 0.3390625 0.4185185185185186 0.3546875 0.4185185185185186
1 0.359375 0.37407407407407417 0.3416666666666667 0.37407407407407417 0.3416666666666667 0.40555555555555567 0.359375 0.40555555555555567
1 0.3802083333333333 0.22777777777777788 0.36614583333333334 0.22777777777777788 0.36614583333333334 0.25925925925925936 0.3802083333333333 0.25925925925925936
1 0.3572916666666667 0.27685185185185196 0.3421875 0.27685185185185196 0.3421875 0.30092592592592604 0.3572916666666667 0.30092592592592604
1 0.34322916666666664 0.3037037037037038 0.328125 0.3037037037037038 0.328125 0.32870370370370383 0.34322916666666664 0.32870370370370383
1 0.3265625 0.2824074074074075 0.31302083333333336 0.2824074074074075 0.31302083333333336 0.3101851851851853 0.3265625 0.3101851851851853
1 0.39166666666666666 0.23888888888888898 0.3776041666666667 0.23888888888888898 0.3776041666666667 0.26481481481481495 0.39166666666666666 0.26481481481481495
1 0.39895833333333336 0.2537037037037038 0.3828125 0.2537037037037038 0.3828125 0.2814814814814816 0.39895833333333336 0.2814814814814816