1 0.6223958333333334 0.5870370370370372 0.6010416666666667 0.5870370370370372 0.6010416666666667 0.6351851851851854 0.6223958333333334 0.6351851851851854
1 0.6854166666666667 0.5287037037037039 0.6671875 0.5287037037037039 0.6671875 0.5666666666666669 0.6854166666666667 0.5666666666666669
1 0.7125 0.603703703703704 0.6916666666666667 0.603703703703704 0.6916666666666667 0.6462962962962965 0.7125 0.6462962962962965
1 0.7421875 0.5712962962962965 0.7223958333333333 0.5712962962962965 0.7223958333333333 0.6111111111111113 0.7421875 0.6111111111111113
1 0.7671875 0.6009259259259261 0.7442708333333333 0.6009259259259261 0.7442708333333333 0.6481481481481484 0.7671875 0.6481481481481484
1 0.6640625 0.8009259259259262 0.6416666666666667 0.8009259259259262 0.6416666666666667 0.8481481481481483 0.6640625 0.8481481481481483
1 0.684375 0.8611111111111113 0.6666666666666666 0.8611111111111113 0.6666666666666666 0.8953703703703706 0.684375 0.8953703703703706
1 0.7302083333333333 0.852777777777778 0.7119791666666667 0.852777777777778 0.7119791666666667 0.8898148148148151 0.7302083333333333 0.8898148148148151
1 0.7432291666666667 0.9129629629629632 0.7229166666666667 0.9129629629629632 0.7229166666666667 0.9527777777777777 0.7432291666666667 0.9527777777777777
1 0.6192708333333333 0.7851851851851854 0.603125 0.7851851851851854 0.603125 0.8296296296296298 0.6192708333333333 0.8296296296296298
1 0.5833333333333334 0.7833333333333335 0.565625 0.7833333333333335 0.565625 0.8268518518518521 0.5833333333333334 0.8268518518518521
1 0.5963541666666666 0.8750000000000002 0.5729166666666666 0.8750000000000002 0.5729166666666666 0.9250000000000002 0.5963541666666666 0.9250000000000002
1 0.525 0.7888888888888891 0.5109375 0.7888888888888891 0.5109375 0.8138888888888891 0.525 0.8138888888888891
1 0.5494791666666666 0.5351851851851854 0.5364583333333334 0.5351851851851854 0.5364583333333334 0.5629629629629632 0.5494791666666666 0.5629629629629632
1 0.5385416666666667 0.5333333333333335 0.528125 0.5333333333333335 0.528125 0.5601851851851853 0.5385416666666667 0.5601851851851853
1 0.5536458333333333 0.3555555555555557 0.5390625 0.3555555555555557 0.5390625 0.38981481481481495 0.5536458333333333 0.38981481481481495