1 0.4395833333333333 0.7675925925925926 0.42135416666666664 0.7675925925925926 0.42135416666666664 0.8018518518518518 0.4395833333333333 0.8018518518518518
1 0.4192708333333333 0.7564814814814815 0.4010416666666667 0.7564814814814815 0.4010416666666667 0.799074074074074 0.4192708333333333 0.799074074074074
1 0.5541666666666667 0.6120370370370373 0.5380208333333333 0.6120370370370373 0.5380208333333333 0.6398148148148151 0.5541666666666667 0.6398148148148151
1 0.3572916666666667 0.2305555555555556 0.3359375 0.2305555555555556 0.3359375 0.2537037037037038 0.3572916666666667 0.2537037037037038
1 0.5958333333333333 0.16296296296296306 0.5822916666666667 0.16296296296296306 0.5822916666666667 0.18611111111111123 0.5958333333333333 0.18611111111111123
1 0.6026041666666667 0.1212962962962964 0.5822916666666667 0.1212962962962964 0.5822916666666667 0.1500000000000001 0.6026041666666667 0.1500000000000001
1 0.6109375 0.10462962962962977 0.5921875 0.10462962962962977 0.5921875 0.13240740740740753 0.6109375 0.13240740740740756
1 0.6286458333333333 0.1694444444444446 0.6135416666666667 0.1694444444444446 0.6135416666666667 0.20740740740740757 0.6286458333333333 0.20740740740740757
1 0.6609375 0.15648148148148164 0.6463541666666667 0.15648148148148164 0.6463541666666667 0.1833333333333335 0.6609375 0.1833333333333335
1 0.6489583333333333 0.1722222222222224 0.6333333333333333 0.1722222222222224 0.6333333333333333 0.19537037037037053 0.6489583333333333 0.19537037037037053
1 0.6864583333333333 0.04166666666666681 0.66875 0.04166666666666681 0.66875 0.076851851851852 0.6864583333333333 0.076851851851852
1 0.6776041666666667 0.031481481481481624 0.6630208333333333 0.031481481481481624 0.6630208333333333 0.05462962962962977 0.6776041666666667 0.05462962962962977
1 0.6916666666666667 1.4871521084090315e-16 0.6744791666666666 1.4684422267553912e-16 0.6744791666666666 0.018518518518518667 0.6916666666666667 0.01851851851851867