1 0.5630208333333333 0.3962962962962964 0.5458333333333333 0.3962962962962964 0.5458333333333333 0.42407407407407416 0.5630208333333333 0.42407407407407416
1 0.5479166666666667 0.3962962962962964 0.5354166666666667 0.3962962962962964 0.5354166666666667 0.4111111111111112 0.5479166666666667 0.4111111111111112
1 0.546875 0.363888888888889 0.5296875 0.363888888888889 0.5296875 0.3833333333333334 0.546875 0.3833333333333334
1 0.5067708333333333 0.4407407407407408 0.4890625 0.4407407407407408 0.4890625 0.46944444444444455 0.5067708333333333 0.46944444444444455
1 0.55 0.3787037037037038 0.5322916666666667 0.3787037037037038 0.5322916666666667 0.39444444444444454 0.55 0.39444444444444454
1 0.5057291666666667 0.35648148148148157 0.4895833333333333 0.35648148148148157 0.4895833333333333 0.37407407407407417 0.5057291666666667 0.37407407407407417
1 0.42552083333333335 0.5037037037037037 0.40989583333333335 0.5037037037037037 0.40989583333333335 0.5324074074074074 0.42552083333333335 0.5324074074074074
1 0.39739583333333334 0.7388888888888889 0.3765625 0.7388888888888889 0.3765625 0.7675925925925926 0.39739583333333334 0.7675925925925926
1 0.43020833333333336 0.6833333333333333 0.41510416666666666 0.6833333333333333 0.41510416666666666 0.7046296296296296 0.43020833333333336 0.7046296296296296
1 0.5619791666666667 0.10925925925925939 0.5458333333333333 0.10925925925925939 0.5458333333333333 0.1351851851851853 0.5619791666666667 0.1351851851851853
1 0.5708333333333333 0.1129629629629631 0.553125 0.1129629629629631 0.553125 0.13981481481481492 0.5708333333333333 0.13981481481481492
1 0.46770833333333334 0.15370370370370381 0.45260416666666664 0.15370370370370381 0.45260416666666664 0.17685185185185195 0.46770833333333334 0.17685185185185195
1 0.7015625 0.35462962962962974 0.6838541666666667 0.35462962962962974 0.6838541666666667 0.37592592592592605 0.7015625 0.37592592592592605
1 0.709375 0.3296296296296297 0.696875 0.3296296296296297 0.696875 0.34814814814814826 0.709375 0.34814814814814826
1 0.6989583333333333 0.32685185185185195 0.6895833333333333 0.32685185185185195 0.6895833333333333 0.3462962962962964 0.6989583333333333 0.3462962962962964
1 0.7140625 0.3101851851851853 0.6973958333333333 0.3101851851851853 0.6973958333333333 0.33240740740740754 0.7140625 0.33240740740740754
1 0.7692708333333333 0.4055555555555558 0.7520833333333333 0.4055555555555558 0.7520833333333333 0.43333333333333357 0.7692708333333333 0.43333333333333357
1 0.78125 0.5500000000000002 0.7723958333333333 0.5500000000000002 0.7723958333333333 0.577777777777778 0.78125 0.577777777777778
1 0.7197916666666667 0.1472222222222224 0.703125 0.1472222222222224 0.703125 0.16759259259259274 0.7197916666666667 0.16759259259259274
1 0.6109375 0.8351851851851854 0.5989583333333334 0.8351851851851854 0.5989583333333334 0.8574074074074076 0.6109375 0.8574074074074076
1 0.6151041666666667 0.852777777777778 0.6026041666666667 0.852777777777778 0.6026041666666667 0.8796296296296299 0.6151041666666667 0.8796296296296299
1 0.5760416666666667 0.012962962962963086 0.5583333333333333 0.012962962962963084 0.5583333333333333 0.03796296296296309 0.5760416666666667 0.037962962962963094
1 0.5640625 1.216709273597324e-16 0.5536458333333333 1.2053699513829967e-16 0.5536458333333333 0.01851851851851864 0.5640625 0.018518518518518642
1 0.6854166666666667 1.4752458200839876e-16 0.6697916666666667 1.4582368367624966e-16 0.6697916666666667 0.019444444444444594 0.6854166666666667 0.019444444444444597