1 0.2213541666666667 0.6148148148148148 0.21510416666666674 0.6148148148148148 0.21510416666666674 0.6268518518518519 0.2213541666666667 0.6268518518518519
1 0.1598958333333334 0.5824074074074074 0.1552083333333334 0.5824074074074074 0.1552083333333334 0.5935185185185186 0.1598958333333334 0.5935185185185186
1 0.11458333333333336 0.5824074074074074 0.1088541666666667 0.5824074074074074 0.1088541666666667 0.5925925925925926 0.11458333333333336 0.5925925925925926
1 0.1307291666666667 0.587037037037037 0.12552083333333336 0.587037037037037 0.12552083333333336 0.5962962962962963 0.1307291666666667 0.5962962962962963
1 0.10677083333333336 0.5787037037037037 0.10260416666666669 0.5787037037037037 0.10260416666666669 0.5879629629629629 0.10677083333333336 0.5879629629629629
1 0.14062500000000006 0.6666666666666666 0.1354166666666667 0.6666666666666666 0.1354166666666667 0.6787037037037037 0.14062500000000006 0.6787037037037037
1 0.16354166666666672 0.7111111111111111 0.1588541666666667 0.7111111111111111 0.1588541666666667 0.7185185185185186 0.16354166666666672 0.7185185185185186
1 0.1677083333333334 0.7425925925925926 0.1630208333333334 0.7425925925925926 0.1630208333333334 0.7518518518518519 0.1677083333333334 0.7518518518518519
1 0.17395833333333338 0.7435185185185185 0.1677083333333334 0.7435185185185185 0.1677083333333334 0.7527777777777778 0.17395833333333338 0.7527777777777778
1 0.17031250000000006 0.7527777777777778 0.1645833333333334 0.7527777777777778 0.1645833333333334 0.7601851851851852 0.17031250000000006 0.7601851851851852
1 0.26354166666666673 0.6694444444444444 0.2593750000000001 0.6694444444444444 0.2593750000000001 0.6796296296296296 0.26354166666666673 0.6796296296296296
1 0.24687500000000007 0.687037037037037 0.2427083333333334 0.687037037037037 0.2427083333333334 0.6972222222222222 0.24687500000000007 0.6972222222222222
1 0.23593750000000005 0.6842592592592592 0.23125000000000007 0.6842592592592592 0.23125000000000007 0.6935185185185185 0.23593750000000005 0.6935185185185185
1 0.22604166666666672 0.6925925925925925 0.22031250000000005 0.6925925925925925 0.22031250000000005 0.7 0.22604166666666672 0.7
1 0.2317708333333334 0.6953703703703704 0.22604166666666672 0.6953703703703704 0.22604166666666672 0.7037037037037037 0.2317708333333334 0.7037037037037037
1 0.23437500000000006 0.6981481481481482 0.22968750000000007 0.6981481481481482 0.22968750000000007 0.7064814814814815 0.23437500000000006 0.7064814814814815
1 0.22291666666666674 0.7046296296296296 0.21822916666666672 0.7046296296296296 0.21822916666666672 0.7129629629629629 0.22291666666666674 0.7129629629629629
1 0.2255208333333334 0.7027777777777777 0.22187500000000007 0.7027777777777777 0.22187500000000007 0.7111111111111111 0.2255208333333334 0.7111111111111111
1 0.23854166666666674 0.7314814814814815 0.23281250000000006 0.7314814814814815 0.23281250000000006 0.7407407407407407 0.23854166666666674 0.7407407407407407
1 0.26875 0.7731481481481481 0.26406250000000003 0.7731481481481481 0.26406250000000003 0.7851851851851852 0.26875 0.7851851851851852
1 0.27291666666666664 0.775 0.2682291666666667 0.775 0.2682291666666667 0.7833333333333333 0.27291666666666664 0.7833333333333333
1 0.1588541666666667 0.5361111111111111 0.1552083333333334 0.5361111111111111 0.1552083333333334 0.5435185185185185 0.1588541666666667 0.5435185185185185
1 0.1432291666666667 0.7574074074074074 0.13750000000000007 0.7574074074074074 0.13750000000000007 0.7675925925925926 0.1432291666666667 0.7675925925925926