1 0.17604166666666674 0.5796296296296296 0.15572916666666672 0.5796296296296296 0.15572916666666672 0.6157407407407407 0.17604166666666674 0.6157407407407407
1 0.19218750000000007 0.5814814814814815 0.1692708333333334 0.5814814814814815 0.1692708333333334 0.6231481481481481 0.19218750000000007 0.6231481481481481
1 0.2473958333333334 0.6074074074074074 0.22447916666666673 0.6074074074074074 0.22447916666666673 0.6435185185185185 0.2473958333333334 0.6435185185185185
1 0.35989583333333336 0.5787037037037037 0.3421875 0.5787037037037037 0.3421875 0.6148148148148148 0.35989583333333336 0.6148148148148148
1 0.36041666666666666 0.6018518518518519 0.33697916666666666 0.6018518518518519 0.33697916666666666 0.6370370370370371 0.36041666666666666 0.6370370370370371
1 0.365625 0.3750000000000001 0.3453125 0.3750000000000001 0.3453125 0.40462962962962973 0.365625 0.40462962962962973
1 0.4609375 0.5583333333333333 0.446875 0.5583333333333333 0.446875 0.5944444444444444 0.4609375 0.5944444444444444
1 0.47291666666666665 0.5444444444444444 0.45625 0.5444444444444444 0.45625 0.5833333333333334 0.47291666666666665 0.5833333333333334
1 0.5328125 0.4925925925925928 0.515625 0.4925925925925928 0.515625 0.5361111111111113 0.5328125 0.5361111111111113
1 0.5770833333333333 0.5861111111111114 0.5619791666666667 0.5861111111111114 0.5619791666666667 0.6314814814814816 0.5770833333333333 0.6314814814814816
1 0.5932291666666667 0.5833333333333336 0.5755208333333334 0.5833333333333336 0.5755208333333334 0.6231481481481483 0.5932291666666667 0.6231481481481483
1 0.5921875 0.614814814814815 0.56875 0.614814814814815 0.56875 0.6564814814814817 0.5921875 0.6564814814814817
1 0.5052083333333334 0.6398148148148151 0.484375 0.6398148148148151 0.484375 0.6805555555555558 0.5052083333333334 0.6805555555555558
1 0.4791666666666667 0.6842592592592592 0.4625 0.6842592592592592 0.4625 0.7185185185185186 0.4791666666666667 0.7185185185185186
1 0.4947916666666668 0.9092592592592593 0.4765625000000001 0.9092592592592592 0.4765625000000001 0.9537037037037037 0.4947916666666668 0.9537037037037037
1 0.5421875 0.9555555555555556 0.5286458333333335 0.9555555555555556 0.5286458333333335 0.9879629629629629 0.5421875 0.9879629629629629
1 0.45989583333333345 0.9342592592592592 0.4447916666666668 0.9342592592592592 0.4447916666666668 0.9666666666666667 0.45989583333333345 0.9666666666666667
1 0.44427083333333345 0.9361111111111111 0.42864583333333345 0.9361111111111111 0.42864583333333345 0.9814814814814815 0.44427083333333345 0.9814814814814815
1 0.30052083333333346 0.9583333333333334 0.2822916666666668 0.9583333333333334 0.2822916666666668 1 0.30052083333333346 1
1 0.31458333333333344 0.9675925925925926 0.2979166666666668 0.9675925925925926 0.2979166666666668 0.9981481481481481 0.31458333333333344 0.9981481481481481
1 0.1473958333333334 0.8814814814814815 0.12968750000000007 0.8814814814814815 0.12968750000000007 0.9185185185185185 0.1473958333333334 0.9185185185185185
1 0.2489583333333334 0.9611111111111111 0.23541666666666672 0.9611111111111111 0.23541666666666672 0.9916666666666667 0.2489583333333334 0.9916666666666667
1 0.434375 0.19166666666666676 0.4203125 0.19166666666666676 0.4203125 0.21944444444444455 0.434375 0.21944444444444455
1 0.7270833333333333 0.3481481481481483 0.7052083333333333 0.34814814814814826 0.7052083333333333 0.39351851851851866 0.7270833333333333 0.3935185185185187