1 0.4083333333333333 0.8231481481481482 0.396875 0.8231481481481482 0.396875 0.8490740740740741 0.4083333333333333 0.8490740740740741
1 0.42031250000000003 0.8398148148148148 0.409375 0.8398148148148148 0.40937500000000004 0.8675925925925926 0.42031250000000014 0.8675925925925926
1 0.4270833333333333 0.8305555555555556 0.4166666666666667 0.8305555555555556 0.4166666666666667 0.8537037037037037 0.4270833333333333 0.8537037037037037
1 0.3843750000000001 0.8351851851851851 0.37083333333333335 0.8351851851851851 0.3708333333333334 0.8638888888888889 0.38437500000000013 0.8638888888888889
1 0.3640625 0.5657407407407408 0.34739583333333335 0.5657407407407408 0.34739583333333335 0.5981481481481481 0.3640625 0.5981481481481481
1 0.3536458333333333 0.5416666666666666 0.3385416666666667 0.5416666666666666 0.3385416666666667 0.5740740740740741 0.3536458333333333 0.5740740740740741
1 0.32760416666666664 0.5351851851851852 0.31197916666666664 0.5351851851851852 0.31197916666666664 0.5666666666666667 0.32760416666666664 0.5666666666666667
1 0.31614583333333335 0.5694444444444444 0.3046875 0.5694444444444444 0.3046875 0.5953703703703703 0.31614583333333335 0.5953703703703703
1 0.321875 0.7666666666666667 0.3140625 0.7666666666666667 0.3140625 0.7870370370370371 0.321875 0.7870370370370371
1 0.5979166666666667 0.15740740740740752 0.5776041666666667 0.15740740740740752 0.5776041666666667 0.20833333333333343 0.5979166666666667 0.20833333333333343
1 0.7385416666666667 0.6981481481481484 0.7197916666666667 0.6981481481481484 0.7197916666666667 0.7388888888888892 0.7385416666666667 0.7388888888888892
1 0.7552083333333334 0.7055555555555557 0.7375 0.7055555555555557 0.7375 0.7500000000000002 0.7552083333333334 0.7500000000000002
1 0.5895833333333333 0.940740740740741 0.5807291666666666 0.940740740740741 0.5807291666666666 0.9666666666666667 0.5895833333333333 0.9666666666666667
1 0.6005208333333333 0.9379629629629632 0.5895833333333333 0.9379629629629632 0.5895833333333333 0.9592592592592593 0.6005208333333333 0.9592592592592593