1 0.3458333333333334 0.8546296296296296 0.3338541666666667 0.8546296296296296 0.33385416666666673 0.8712962962962963 0.34583333333333344 0.8712962962962963
1 0.346875 0.8222222222222222 0.3380208333333333 0.8222222222222222 0.3380208333333333 0.8333333333333334 0.346875 0.8333333333333334
1 0.3578125 0.7907407407407407 0.35 0.7907407407407407 0.35 0.8027777777777778 0.3578125 0.8027777777777778
1 0.44166666666666665 0.5611111111111111 0.4354166666666667 0.5611111111111111 0.4354166666666667 0.5712962962962963 0.44166666666666665 0.5712962962962963
1 0.4328125 0.5907407407407408 0.4270833333333333 0.5907407407407408 0.4270833333333333 0.600925925925926 0.4328125 0.600925925925926
1 0.4265625 0.6092592592592593 0.4203125 0.6092592592592593 0.4203125 0.6175925925925926 0.4265625 0.6175925925925926
1 0.4296875 0.6361111111111111 0.4244791666666667 0.6361111111111111 0.4244791666666667 0.6453703703703704 0.4296875 0.6453703703703704
1 0.425 0.6453703703703704 0.41770833333333335 0.6453703703703704 0.41770833333333335 0.6555555555555556 0.425 0.6555555555555556
1 0.41822916666666665 0.6648148148148149 0.4119791666666667 0.6648148148148149 0.4119791666666667 0.6777777777777778 0.41822916666666665 0.6777777777777778
1 0.40989583333333335 0.6444444444444445 0.403125 0.6444444444444445 0.403125 0.6546296296296297 0.40989583333333335 0.6546296296296297
1 0.3984375 0.6768518518518518 0.3932291666666667 0.6768518518518518 0.3932291666666667 0.687962962962963 0.3984375 0.687962962962963
1 0.371875 0.6453703703703704 0.3645833333333333 0.6453703703703704 0.3645833333333333 0.6555555555555556 0.371875 0.6555555555555556
1 0.39375 0.587037037037037 0.38697916666666665 0.587037037037037 0.38697916666666665 0.5953703703703703 0.39375 0.5953703703703703
1 0.37447916666666664 0.5833333333333334 0.3671875 0.5833333333333334 0.3671875 0.5935185185185186 0.37447916666666664 0.5935185185185186
1 0.35260416666666666 0.562962962962963 0.3453125 0.562962962962963 0.3453125 0.5722222222222222 0.35260416666666666 0.5722222222222222
1 0.3375 0.5879629629629629 0.33125 0.5879629629629629 0.33125 0.5972222222222222 0.3375 0.5972222222222222
1 0.3640625 0.5138888888888888 0.3567708333333333 0.5138888888888888 0.3567708333333333 0.5212962962962963 0.3640625 0.5212962962962963
1 0.3463541666666667 0.525 0.3385416666666667 0.525 0.3385416666666667 0.5333333333333333 0.3463541666666667 0.5333333333333333
1 0.4479166666666667 0.4629629629629631 0.4427083333333333 0.4629629629629631 0.4427083333333333 0.4712962962962964 0.4479166666666667 0.4712962962962964
1 0.4390625 0.43333333333333346 0.4328125 0.43333333333333346 0.4328125 0.44166666666666676 0.4390625 0.44166666666666676
1 0.34270833333333334 0.44444444444444453 0.33697916666666666 0.44444444444444453 0.33697916666666666 0.45370370370370383 0.34270833333333334 0.45370370370370383
1 0.3458333333333333 0.45740740740740754 0.34010416666666665 0.45740740740740754 0.34010416666666665 0.4666666666666668 0.3458333333333333 0.4666666666666668
1 0.3807291666666667 0.450925925925926 0.375 0.450925925925926 0.375 0.45925925925925937 0.3807291666666667 0.45925925925925937
1 0.37083333333333335 0.4648148148148149 0.3645833333333333 0.4648148148148149 0.3645833333333333 0.47685185185185186 0.37083333333333335 0.47685185185185186
1 0.6375 0.0009259259259260631 0.621875 0.0009259259259260612 0.621875 0.03333333333333347 0.6375 0.03333333333333348
1 0.5510416666666667 0.05185185185185197 0.5307291666666667 0.05185185185185197 0.5307291666666667 0.07870370370370382 0.5510416666666667 0.07870370370370383
1 0.5265625 0.138888888888889 0.509375 0.138888888888889 0.509375 0.16574074074074086 0.5265625 0.16574074074074086