1 0.49375 0.6435185185185187 0.48854166666666665 0.6435185185185187 0.48854166666666665 0.6555555555555558 0.49375 0.6555555555555558
1 0.5005208333333333 0.6324074074074076 0.4942708333333333 0.6324074074074076 0.4942708333333333 0.6425925925925928 0.5005208333333333 0.6425925925925928
1 0.5151041666666667 0.6379629629629632 0.509375 0.6379629629629632 0.509375 0.6500000000000002 0.5151041666666667 0.6500000000000002
1 0.5244791666666667 0.6268518518518521 0.5197916666666667 0.6268518518518521 0.5197916666666667 0.6379629629629632 0.5244791666666667 0.6379629629629632
1 0.5411458333333333 0.6101851851851854 0.5359375 0.6101851851851854 0.5359375 0.6222222222222225 0.5411458333333333 0.6222222222222225
1 0.49583333333333335 0.7361111111111113 0.4895833333333333 0.7361111111111113 0.4895833333333333 0.7490740740740743 0.49583333333333335 0.7490740740740743
1 0.5307291666666667 0.7314814814814817 0.5244791666666667 0.7314814814814817 0.5244791666666667 0.7453703703703706 0.5307291666666667 0.7453703703703706
1 0.5296875 0.6981481481481484 0.5223958333333333 0.6981481481481484 0.5223958333333333 0.7129629629629631 0.5296875 0.7129629629629631
1 0.5286458333333334 0.7990740740740743 0.5223958333333333 0.7990740740740743 0.5223958333333333 0.8129629629629632 0.5286458333333334 0.8129629629629632
1 0.5442708333333334 0.7712962962962965 0.5375 0.7712962962962965 0.5375 0.7842592592592594 0.5442708333333334 0.7842592592592594
1 0.5645833333333333 0.7851851851851854 0.5572916666666666 0.7851851851851854 0.5572916666666666 0.7981481481481484 0.5645833333333333 0.7981481481481484
1 0.5697916666666667 0.7509259259259261 0.5651041666666666 0.7509259259259261 0.5651041666666666 0.7629629629629632 0.5697916666666667 0.7629629629629632
1 0.6119791666666666 0.7888888888888891 0.6046875 0.7888888888888891 0.6046875 0.8037037037037039 0.6119791666666666 0.8037037037037039
1 0.5984375 0.739814814814815 0.5911458333333334 0.739814814814815 0.5911458333333334 0.7500000000000002 0.5984375 0.7500000000000002
1 0.60625 0.7231481481481483 0.6010416666666667 0.7231481481481483 0.6010416666666667 0.7314814814814817 0.60625 0.7314814814814817
1 0.6114583333333333 0.6564814814814817 0.60625 0.6564814814814817 0.60625 0.6694444444444446 0.6114583333333333 0.6694444444444446
1 0.6151041666666667 0.6157407407407409 0.6088541666666667 0.6157407407407409 0.6088541666666667 0.627777777777778 0.6151041666666667 0.627777777777778
1 0.4828125 0.6527777777777778 0.47708333333333336 0.6527777777777778 0.47708333333333336 0.6657407407407407 0.4828125 0.6657407407407407
1 0.4947916666666667 0.6703703703703706 0.48854166666666665 0.6703703703703706 0.48854166666666665 0.6814814814814817 0.4947916666666667 0.6814814814814817
1 0.4765625 0.687962962962963 0.4708333333333333 0.687962962962963 0.4708333333333333 0.6972222222222222 0.4765625 0.6972222222222222
1 0.4703125 0.6527777777777778 0.46510416666666665 0.6527777777777778 0.46510416666666665 0.662962962962963 0.4703125 0.662962962962963
1 0.6229166666666667 0.7055555555555557 0.6161458333333333 0.7055555555555557 0.6161458333333333 0.7185185185185188 0.6229166666666667 0.7185185185185188
1 0.41875 0.7601851851851852 0.4125 0.7601851851851852 0.4125 0.7777777777777778 0.41875 0.7777777777777778
1 0.40208333333333335 0.7796296296296297 0.3953125 0.7796296296296297 0.3953125 0.7935185185185185 0.40208333333333335 0.7935185185185185
1 0.384375 0.7814814814814814 0.37552083333333336 0.7814814814814814 0.37552083333333336 0.8 0.384375 0.8
1 0.3854166666666667 0.7379629629629629 0.378125 0.7379629629629629 0.378125 0.7555555555555555 0.3854166666666667 0.7555555555555555
1 0.30364583333333334 0.7037037037037037 0.29375 0.7037037037037037 0.29375 0.7222222222222222 0.30364583333333334 0.7222222222222222
1 0.3114583333333334 0.8407407407407408 0.303125 0.8407407407407408 0.30312500000000003 0.8638888888888889 0.31145833333333345 0.8638888888888889
1 0.27135416666666673 0.85 0.2619791666666667 0.85 0.2619791666666667 0.8740740740740741 0.2713541666666668 0.8740740740740741
1 0.2880208333333334 0.8435185185185186 0.28229166666666666 0.8435185185185186 0.2822916666666667 0.8611111111111112 0.28802083333333345 0.8611111111111112
1 0.27708333333333346 0.8962962962962963 0.2703125000000001 0.8962962962962963 0.2703125000000001 0.9148148148148149 0.27708333333333346 0.9148148148148149
1 0.27552083333333344 0.8888888888888888 0.2666666666666668 0.8888888888888888 0.2666666666666668 0.912962962962963 0.27552083333333344 0.912962962962963
1 0.18437500000000007 0.9101851851851852 0.17395833333333338 0.9101851851851852 0.17395833333333338 0.9314814814814815 0.18437500000000007 0.9314814814814815
1 0.19531250000000006 0.912962962962963 0.1848958333333334 0.912962962962963 0.1848958333333334 0.9333333333333333 0.19531250000000006 0.9333333333333333
1 0.2098958333333334 0.8435185185185186 0.19843750000000007 0.8435185185185186 0.19843750000000007 0.862037037037037 0.2098958333333334 0.862037037037037
1 0.03437500000000006 0.850925925925926 0.021875000000000058 0.850925925925926 0.021875000000000058 0.8740740740740741 0.03437500000000006 0.8740740740740741
1 0.05260416666666672 0.9222222222222223 0.04270833333333339 0.9222222222222223 0.04270833333333339 0.9444444444444444 0.05260416666666672 0.9444444444444444
1 0.04583333333333339 0.8935185185185185 0.03697916666666672 0.8935185185185185 0.03697916666666672 0.9083333333333333 0.04583333333333339 0.9083333333333333
1 0.8541666666666666 0.39814814814814836 0.8364583333333333 0.39814814814814836 0.8364583333333333 0.43796296296296316 0.8541666666666666 0.43796296296296316
1 0.9203125 0.264814814814815 0.9036458333333334 0.264814814814815 0.9036458333333334 0.2981481481481484 0.9203125 0.2981481481481484
1 0.9333333333333333 0.2583333333333335 0.91875 0.2583333333333335 0.91875 0.2888888888888891 0.9333333333333333 0.2888888888888891
1 0.8796875 0.227777777777778 0.865625 0.227777777777778 0.865625 0.26111111111111135 0.8796875 0.26111111111111135
1 0.9151041666666667 0.4666666666666669 0.8921875 0.4666666666666669 0.8921875 0.5101851851851854 0.9151041666666667 0.5101851851851854
1 0.9291666666666667 0.4861111111111113 0.9125 0.4861111111111113 0.9125 0.5148148148148151 0.9291666666666667 0.5148148148148151
1 0.9286458333333333 0.5120370370370373 0.9109375 0.5120370370370373 0.9109375 0.5435185185185187 0.9286458333333333 0.5435185185185187
1 0.7947916666666667 0.45000000000000023 0.7807291666666667 0.45000000000000023 0.7807291666666667 0.4861111111111113 0.7947916666666667 0.4861111111111113