1 0.5703125 0.29907407407407416 0.5583333333333333 0.29907407407407416 0.5583333333333333 0.3296296296296297 0.5703125 0.3296296296296297
1 0.5114583333333333 0.25740740740740753 0.49166666666666664 0.25740740740740753 0.49166666666666664 0.288888888888889 0.5114583333333333 0.288888888888889
1 0.5057291666666667 0.2074074074074075 0.4901041666666667 0.2074074074074075 0.4901041666666667 0.24351851851851863 0.5057291666666667 0.24351851851851863
1 0.4895833333333333 0.19444444444444456 0.478125 0.19444444444444456 0.478125 0.22777777777777788 0.4895833333333333 0.22777777777777788
1 0.4791666666666667 0.1777777777777779 0.45729166666666665 0.1777777777777779 0.45729166666666665 0.21666666666666679 0.4791666666666667 0.21666666666666679
1 0.4942708333333333 0.12685185185185197 0.475 0.12685185185185197 0.475 0.15925925925925938 0.4942708333333333 0.15925925925925938
1 0.5015625 0.15277777777777787 0.4864583333333333 0.15277777777777787 0.4864583333333333 0.18611111111111123 0.5015625 0.18611111111111123
1 0.6041666666666666 0.2787037037037038 0.5869791666666667 0.2787037037037038 0.5869791666666667 0.313888888888889 0.6041666666666666 0.313888888888889
1 0.6213541666666667 0.6388888888888891 0.6057291666666667 0.6388888888888891 0.6057291666666667 0.6685185185185187 0.6213541666666667 0.6685185185185187
1 0.65625 0.5675925925925928 0.6453125 0.5675925925925928 0.6453125 0.5925925925925928 0.65625 0.5925925925925928
1 0.271875 0.8166666666666667 0.2593750000000001 0.8166666666666667 0.2593750000000001 0.8472222222222222 0.271875 0.8472222222222222
1 0.28802083333333334 0.8027777777777778 0.2703125 0.8027777777777778 0.2703125 0.8305555555555556 0.28802083333333334 0.8305555555555556