1 0.3854166666666667 0.6657407407407407 0.3723958333333333 0.6657407407407407 0.3723958333333333 0.6898148148148148 0.3854166666666667 0.6898148148148148
1 0.3609375 0.7046296296296296 0.34739583333333335 0.7046296296296296 0.34739583333333335 0.725 0.3609375 0.725
1 0.33697916666666666 0.7138888888888889 0.3255208333333333 0.7138888888888889 0.3255208333333333 0.7333333333333333 0.33697916666666666 0.7333333333333333
1 0.35833333333333334 0.6472222222222223 0.34739583333333335 0.6472222222222223 0.34739583333333335 0.6759259259259259 0.35833333333333334 0.6759259259259259
1 0.3765625 0.6287037037037037 0.359375 0.6287037037037037 0.359375 0.6648148148148149 0.3765625 0.6648148148148149
1 0.3671875 0.5722222222222222 0.35 0.5722222222222222 0.35 0.600925925925926 0.3671875 0.600925925925926
1 0.340625 0.5583333333333333 0.328125 0.5583333333333333 0.328125 0.5824074074074074 0.340625 0.5824074074074074
1 0.35104166666666664 0.5203703703703704 0.33645833333333336 0.5203703703703704 0.33645833333333336 0.5462962962962963 0.35104166666666664 0.5462962962962963
1 0.3296875 0.5277777777777778 0.31614583333333335 0.5277777777777778 0.31614583333333335 0.5555555555555556 0.3296875 0.5555555555555556
1 0.31302083333333336 0.549074074074074 0.29635416666666664 0.549074074074074 0.29635416666666664 0.5787037037037037 0.31302083333333336 0.5787037037037037
1 0.3885416666666667 0.2666666666666668 0.36822916666666666 0.2666666666666668 0.36822916666666666 0.30092592592592604 0.3885416666666667 0.30092592592592604
1 0.4046875 0.2842592592592594 0.3828125 0.2842592592592594 0.3828125 0.31944444444444453 0.4046875 0.31944444444444453
1 0.35885416666666664 0.39074074074074083 0.3416666666666667 0.39074074074074083 0.3416666666666667 0.413888888888889 0.35885416666666664 0.413888888888889
1 0.35885416666666664 0.37222222222222234 0.3380208333333333 0.37222222222222234 0.3380208333333333 0.3990740740740742 0.35885416666666664 0.3990740740740742
1 0.5307291666666667 0.564814814814815 0.5161458333333333 0.564814814814815 0.5161458333333333 0.5962962962962965 0.5307291666666667 0.5962962962962965
1 0.515625 0.5731481481481484 0.5 0.5731481481481484 0.5 0.602777777777778 0.515625 0.602777777777778
1 0.39635416666666673 0.8518518518518519 0.38385416666666666 0.8518518518518519 0.3838541666666667 0.875 0.3963541666666668 0.875
1 0.37916666666666665 0.8064814814814815 0.3645833333333333 0.8064814814814815 0.3645833333333333 0.8268518518518518 0.37916666666666665 0.8268518518518518
1 0.40572916666666664 0.8351851851851851 0.39479166666666665 0.8351851851851851 0.39479166666666665 0.8574074074074074 0.40572916666666664 0.8574074074074074
1 0.3854166666666667 0.8194444444444444 0.3729166666666667 0.8194444444444444 0.3729166666666667 0.8435185185185186 0.3854166666666667 0.8435185185185186
1 0.38229166666666664 0.837037037037037 0.371875 0.837037037037037 0.371875 0.8546296296296296 0.38229166666666664 0.8546296296296296
1 0.3697916666666667 0.6037037037037037 0.359375 0.6037037037037037 0.359375 0.6194444444444445 0.3697916666666667 0.6194444444444445