1 0.3640625 0.20185185185185192 0.3484375 0.2018518518518519 0.3484375 0.22407407407407415 0.3640625 0.22407407407407418
1 0.4453125 0.12870370370370382 0.4359375 0.12870370370370382 0.4359375 0.1490740740740742 0.4453125 0.1490740740740742
1 0.41041666666666665 0.13425925925925936 0.3958333333333333 0.13425925925925936 0.3958333333333333 0.16203703703703715 0.41041666666666665 0.16203703703703715
1 0.4036458333333333 0.1601851851851853 0.39375 0.1601851851851853 0.39375 0.18148148148148158 0.4036458333333333 0.18148148148148158
1 0.3651041666666667 0.2740740740740742 0.3536458333333333 0.2740740740740742 0.3536458333333333 0.29907407407407416 0.3651041666666667 0.29907407407407416
1 0.359375 0.32314814814814824 0.34739583333333335 0.32314814814814824 0.34739583333333335 0.3472222222222223 0.359375 0.3472222222222223
1 0.3489583333333333 0.31481481481481494 0.3328125 0.31481481481481494 0.3328125 0.34259259259259267 0.3489583333333333 0.34259259259259267
1 0.3494791666666667 0.2935185185185186 0.33645833333333336 0.2935185185185186 0.33645833333333336 0.313888888888889 0.3494791666666667 0.313888888888889
1 0.3302083333333333 0.2962962962962964 0.31666666666666665 0.2962962962962964 0.31666666666666665 0.31851851851851865 0.3302083333333333 0.31851851851851865
1 0.3296875 0.31851851851851865 0.31979166666666664 0.31851851851851865 0.31979166666666664 0.33703703703703713 0.3296875 0.33703703703703713
1 0.34479166666666666 0.2583333333333334 0.32760416666666664 0.2583333333333334 0.32760416666666664 0.29074074074074086 0.34479166666666666 0.29074074074074086
1 0.325 0.2601851851851853 0.3140625 0.2601851851851853 0.3140625 0.28055555555555567 0.325 0.28055555555555567
1 0.29791666666666666 0.5740740740740741 0.28489583333333335 0.5740740740740741 0.28489583333333335 0.5962962962962963 0.29791666666666666 0.5962962962962963
1 0.3885416666666667 0.5138888888888888 0.3770833333333333 0.5138888888888888 0.3770833333333333 0.5333333333333333 0.3885416666666667 0.5333333333333333
1 0.41875 0.5009259259259259 0.40520833333333334 0.5009259259259259 0.40520833333333334 0.5212962962962963 0.41875 0.5212962962962963
1 0.5817708333333333 0.2814814814814816 0.5661458333333333 0.2814814814814816 0.5661458333333333 0.30925925925925934 0.5817708333333333 0.30925925925925934
1 0.5744791666666667 0.24722222222222232 0.5630208333333333 0.24722222222222232 0.5630208333333333 0.2685185185185186 0.5744791666666667 0.2685185185185186