1 0.5296875 0.3851851851851853 0.5072916666666667 0.3851851851851853 0.5072916666666667 0.4148148148148149 0.5296875 0.4148148148148149
1 0.5463541666666667 0.3435185185185186 0.5307291666666667 0.3435185185185186 0.5307291666666667 0.3777777777777779 0.5463541666666667 0.3777777777777779
1 0.5432291666666667 0.3555555555555557 0.5234375 0.3555555555555557 0.5234375 0.38055555555555565 0.5432291666666667 0.38055555555555565
1 0.5390625 0.37222222222222234 0.5182291666666666 0.37222222222222234 0.5182291666666666 0.3972222222222223 0.5390625 0.3972222222222223
1 0.6848958333333334 0.4824074074074076 0.6609375 0.4824074074074076 0.6609375 0.5120370370370373 0.6848958333333334 0.5120370370370373
1 0.7203125 0.728703703703704 0.6994791666666667 0.728703703703704 0.6994791666666667 0.7648148148148151 0.7203125 0.7648148148148151
1 0.48333333333333334 0.825925925925926 0.46875 0.825925925925926 0.46875 0.8462962962962963 0.48333333333333334 0.8462962962962963
1 0.47916666666666674 0.8435185185185186 0.46510416666666665 0.8435185185185186 0.4651041666666667 0.8712962962962963 0.4791666666666668 0.8712962962962963
1 0.3796875 0.338888888888889 0.3619791666666667 0.338888888888889 0.3619791666666667 0.36296296296296304 0.3796875 0.36296296296296304
1 0.31666666666666665 0.3935185185185186 0.2984375 0.3935185185185186 0.2984375 0.42037037037037045 0.31666666666666665 0.42037037037037045
1 0.36875 0.3111111111111112 0.3536458333333333 0.3111111111111112 0.3536458333333333 0.33425925925925937 0.36875 0.33425925925925937
1 0.36666666666666664 0.2916666666666668 0.3484375 0.2916666666666668 0.3484375 0.313888888888889 0.36666666666666664 0.313888888888889
1 0.375 0.30462962962962975 0.36041666666666666 0.30462962962962975 0.36041666666666666 0.32685185185185195 0.375 0.32685185185185195
1 0.26666666666666666 0.5064814814814815 0.2489583333333334 0.5064814814814815 0.2489583333333334 0.5305555555555556 0.26666666666666666 0.5305555555555556
1 0.30104166666666665 0.549074074074074 0.28125 0.549074074074074 0.28125 0.575925925925926 0.30104166666666665 0.575925925925926
1 0.2671875 0.5962962962962963 0.2505208333333334 0.5962962962962963 0.2505208333333334 0.6194444444444445 0.2671875 0.6194444444444445
1 0.353125 0.11388888888888897 0.3359375 0.11388888888888897 0.3359375 0.13148148148148153 0.353125 0.13148148148148153
1 0.35052083333333334 0.12870370370370376 0.33229166666666665 0.12870370370370376 0.33229166666666665 0.1518518518518519 0.35052083333333334 0.1518518518518519
1 0.525 0.05185185185185196 0.5052083333333334 0.051851851851851954 0.5052083333333334 0.07962962962962973 0.525 0.07962962962962973
1 0.5109375 0.05833333333333344 0.4953125 0.05833333333333344 0.4953125 0.08888888888888899 0.5109375 0.08888888888888899
1 0.6270833333333333 0.07870370370370383 0.609375 0.07870370370370383 0.609375 0.10462962962962977 0.6270833333333333 0.10462962962962977
1 0.5510416666666667 0.24166666666666678 0.5317708333333333 0.24166666666666678 0.5317708333333333 0.2722222222222223 0.5510416666666667 0.2722222222222223
1 0.5895833333333333 0.32314814814814824 0.5640625 0.32314814814814824 0.5640625 0.35277777777777786 0.5895833333333333 0.35277777777777786
1 0.5895833333333333 0.42037037037037045 0.5713541666666667 0.42037037037037045 0.5713541666666667 0.44814814814814824 0.5895833333333333 0.44814814814814824