1 0.40625 0.6370370370370371 0.39114583333333336 0.6370370370370371 0.39114583333333336 0.6675925925925926 0.40625 0.6675925925925926
1 0.4744791666666667 0.4888888888888889 0.4635416666666667 0.4888888888888889 0.4635416666666667 0.5111111111111111 0.4744791666666667 0.5111111111111111
1 0.43854166666666666 0.25555555555555565 0.42916666666666664 0.25555555555555565 0.42916666666666664 0.27685185185185196 0.43854166666666666 0.27685185185185196
1 0.7109375 0.4185185185185186 0.6979166666666666 0.4185185185185186 0.6979166666666666 0.4425925925925927 0.7109375 0.4425925925925927
1 0.7052083333333333 0.3972222222222223 0.6932291666666667 0.3972222222222223 0.6932291666666667 0.4231481481481483 0.7052083333333333 0.4231481481481483
1 0.6005208333333333 0.19722222222222233 0.5916666666666667 0.19722222222222233 0.5916666666666667 0.213888888888889 0.6005208333333333 0.213888888888889
1 0.6005208333333333 0.18148148148148158 0.5921875 0.18148148148148158 0.5921875 0.1962962962962964 0.6005208333333333 0.1962962962962964
1 0.6041666666666666 0.163888888888889 0.5953125 0.163888888888889 0.5953125 0.18055555555555566 0.6041666666666666 0.18055555555555566
1 0.6177083333333333 0.7879629629629632 0.6020833333333333 0.7879629629629632 0.6020833333333333 0.8083333333333336 0.6177083333333333 0.8083333333333336
1 0.6166666666666667 0.728703703703704 0.6052083333333333 0.728703703703704 0.6052083333333333 0.752777777777778 0.6166666666666667 0.752777777777778
1 0.6369791666666667 0.6833333333333336 0.6255208333333333 0.6833333333333336 0.6255208333333333 0.7046296296296298 0.6369791666666667 0.7046296296296298
1 0.6348958333333333 0.7064814814814817 0.6223958333333334 0.7064814814814817 0.6223958333333334 0.7268518518518521 0.6348958333333333 0.7268518518518521
1 0.6536458333333334 0.714814814814815 0.6432291666666666 0.714814814814815 0.6432291666666666 0.7407407407407409 0.6536458333333334 0.7407407407407409
1 0.6557291666666667 0.6916666666666669 0.6416666666666667 0.6916666666666669 0.6416666666666667 0.7157407407407409 0.6557291666666667 0.7157407407407409
1 0.6359375 0.5166666666666668 0.6208333333333333 0.5166666666666668 0.6208333333333333 0.5398148148148151 0.6359375 0.5398148148148151
1 0.5765625 0.5212962962962965 0.5630208333333333 0.5212962962962965 0.5630208333333333 0.5388888888888891 0.5765625 0.5388888888888891
1 0.5661458333333333 0.5472222222222224 0.5510416666666667 0.5472222222222224 0.5510416666666667 0.5703703703703705 0.5661458333333333 0.5703703703703705
1 0.5729166666666666 0.16481481481481491 0.559375 0.16481481481481491 0.559375 0.18333333333333343 0.5729166666666666 0.18333333333333343