1 0.2755208333333333 0.6157407407407407 0.2703125 0.6157407407407407 0.2703125 0.6268518518518519 0.2755208333333333 0.6268518518518519
1 0.29270833333333335 0.625 0.2869791666666667 0.625 0.2869791666666667 0.6388888888888888 0.29270833333333335 0.6388888888888888
1 0.30520833333333336 0.6148148148148148 0.2989583333333333 0.6148148148148148 0.2989583333333333 0.6277777777777778 0.30520833333333336 0.6277777777777778
1 0.26927083333333335 0.6287037037037037 0.26302083333333337 0.6287037037037037 0.26302083333333337 0.6407407407407407 0.26927083333333335 0.6407407407407407
1 0.25729166666666675 0.6407407407407407 0.25000000000000006 0.6407407407407407 0.25000000000000006 0.6518518518518519 0.25729166666666675 0.6518518518518519
1 0.26875 0.6592592592592592 0.2619791666666667 0.6592592592592592 0.2619791666666667 0.6694444444444444 0.26875 0.6694444444444444
1 0.30416666666666664 0.6898148148148148 0.29739583333333336 0.6898148148148148 0.29739583333333336 0.700925925925926 0.30416666666666664 0.700925925925926
1 0.3046875 0.725 0.29791666666666666 0.725 0.29791666666666666 0.7388888888888889 0.3046875 0.7388888888888889
1 0.26510416666666675 0.7277777777777777 0.2583333333333334 0.7277777777777777 0.2583333333333334 0.7416666666666667 0.26510416666666675 0.7416666666666667
1 0.26510416666666675 0.5435185185185185 0.2583333333333334 0.5435185185185185 0.2583333333333334 0.5546296296296296 0.26510416666666675 0.5546296296296296
1 0.3854166666666667 0.7805555555555556 0.37916666666666665 0.7805555555555556 0.37916666666666665 0.7935185185185185 0.3854166666666667 0.7935185185185185
1 0.34479166666666666 0.7435185185185185 0.34010416666666665 0.7435185185185185 0.34010416666666665 0.7537037037037037 0.34479166666666666 0.7537037037037037
1 0.3848958333333333 0.7138888888888889 0.37916666666666665 0.7138888888888889 0.37916666666666665 0.7268518518518519 0.3848958333333333 0.7268518518518519
1 0.4005208333333333 0.6990740740740741 0.3953125 0.6990740740740741 0.3953125 0.7101851851851851 0.4005208333333333 0.7101851851851851
1 0.3921875 0.65 0.3875 0.65 0.3875 0.6601851851851852 0.3921875 0.6601851851851852
1 0.015104166666666715 0.674074074074074 4.6434524467670476e-17 0.674074074074074 4.7391279779504344e-17 0.7018518518518518 0.015104166666666715 0.7018518518518518
1 0.12395833333333339 0.7703703703703704 0.11041666666666673 0.7703703703703704 0.11041666666666673 0.7907407407407407 0.12395833333333339 0.7907407407407407
1 0.17031250000000006 0.7425925925925926 0.16041666666666674 0.7425925925925926 0.16041666666666674 0.762962962962963 0.17031250000000006 0.762962962962963
1 0.1286458333333334 0.725925925925926 0.11875000000000006 0.725925925925926 0.11875000000000006 0.7425925925925926 0.1286458333333334 0.7425925925925926
1 0.14791666666666672 0.7703703703703704 0.14062500000000006 0.7703703703703704 0.14062500000000006 0.7861111111111111 0.14791666666666672 0.7861111111111111
1 0.01718750000000006 0.8361111111111111 0.0036458333333333906 0.8361111111111111 0.0036458333333333915 0.8638888888888889 0.01718750000000006 0.8638888888888889
1 0.640625 0.33703703703703713 0.6270833333333333 0.33703703703703713 0.6270833333333333 0.3712962962962964 0.640625 0.3712962962962964
1 0.6505208333333333 0.3416666666666668 0.6375 0.3416666666666668 0.6375 0.36666666666666675 0.6505208333333333 0.36666666666666675
1 0.6140625 0.3111111111111112 0.6020833333333333 0.3111111111111112 0.6020833333333333 0.3296296296296297 0.6140625 0.3296296296296297
1 0.6432291666666666 0.388888888888889 0.6333333333333333 0.388888888888889 0.6333333333333333 0.40833333333333344 0.6432291666666666 0.40833333333333344
1 0.5854166666666667 0.4407407407407408 0.5723958333333333 0.4407407407407408 0.5723958333333333 0.46944444444444455 0.5854166666666667 0.46944444444444455
1 0.625 0.502777777777778 0.609375 0.502777777777778 0.609375 0.5342592592592594 0.625 0.5342592592592594
1 0.6333333333333333 0.5166666666666668 0.6197916666666666 0.5166666666666668 0.6197916666666666 0.5416666666666669 0.6333333333333333 0.5416666666666669
1 0.6322916666666667 0.5379629629629632 0.6208333333333333 0.5379629629629632 0.6208333333333333 0.5611111111111113 0.6322916666666667 0.5611111111111113
1 0.5489583333333333 0.4750000000000002 0.534375 0.4750000000000002 0.534375 0.49814814814814834 0.5489583333333333 0.49814814814814834
1 0.8984375 0.9333333333333336 0.8791666666666667 0.9333333333333336 0.8791666666666667 0.9685185185185186 0.8984375 0.9685185185185186
1 0.38125 0.5944444444444444 0.3765625 0.5944444444444444 0.3765625 0.6027777777777777 0.38125 0.6027777777777777
1 0.315625 0.7657407407407407 0.3104166666666667 0.7657407407407407 0.3104166666666667 0.774074074074074 0.315625 0.774074074074074
1 0.3375 0.7787037037037037 0.33125 0.7787037037037037 0.33125 0.7888888888888889 0.3375 0.7888888888888889