1 0.45677083333333335 0.5805555555555556 0.44114583333333335 0.5805555555555556 0.44114583333333335 0.6111111111111112 0.45677083333333335 0.6111111111111112
1 0.45 0.562962962962963 0.44114583333333335 0.562962962962963 0.44114583333333335 0.5851851851851851 0.45 0.5851851851851851
1 0.43385416666666665 0.5527777777777778 0.4234375 0.5527777777777778 0.4234375 0.5833333333333334 0.43385416666666665 0.5833333333333334
1 0.4828125 0.47962962962962963 0.4666666666666667 0.47962962962962963 0.4666666666666667 0.5120370370370371 0.4828125 0.5120370370370371
1 0.440625 0.5564814814814815 0.4317708333333333 0.5564814814814815 0.4317708333333333 0.5879629629629629 0.440625 0.5879629629629629
1 0.42864583333333334 0.48148148148148145 0.4192708333333333 0.48148148148148145 0.4192708333333333 0.5101851851851852 0.42864583333333334 0.5101851851851852
1 0.5182291666666666 0.338888888888889 0.5020833333333333 0.338888888888889 0.5020833333333333 0.36666666666666675 0.5182291666666666 0.36666666666666675
1 0.6505208333333333 0.28055555555555567 0.634375 0.28055555555555567 0.634375 0.3175925925925927 0.6505208333333333 0.3175925925925927
1 0.6145833333333334 0.3490740740740742 0.6026041666666667 0.3490740740740742 0.6026041666666667 0.37592592592592605 0.6145833333333334 0.37592592592592605
1 0.2947916666666667 0.5805555555555556 0.2796875 0.5805555555555556 0.2796875 0.6101851851851852 0.2947916666666667 0.6101851851851852
1 0.29739583333333336 0.5944444444444444 0.28229166666666666 0.5944444444444444 0.28229166666666666 0.625 0.29739583333333336 0.625
1 0.3177083333333333 0.4148148148148149 0.3046875 0.4148148148148149 0.3046875 0.44166666666666676 0.3177083333333333 0.44166666666666676
1 0.43020833333333336 0.8268518518518518 0.41822916666666665 0.8268518518518518 0.41822916666666665 0.8583333333333333 0.43020833333333336 0.8583333333333333
1 0.4145833333333334 0.85 0.4041666666666667 0.85 0.40416666666666673 0.8722222222222222 0.41458333333333347 0.8722222222222222
1 0.41354166666666664 0.837037037037037 0.40260416666666665 0.837037037037037 0.40260416666666665 0.8527777777777777 0.41354166666666664 0.8527777777777777
1 0.4052083333333334 0.850925925925926 0.3927083333333333 0.850925925925926 0.3927083333333334 0.8805555555555555 0.40520833333333345 0.8805555555555555
1 0.46250000000000013 0.9472222222222222 0.4463541666666668 0.9472222222222222 0.4463541666666668 0.9787037037037037 0.46250000000000013 0.9787037037037037
1 0.54375 0.9842592592592593 0.5281250000000001 0.9842592592592593 0.5281250000000001 1 0.54375 1
1 0.31302083333333347 0.8601851851851852 0.3015625000000001 0.8601851851851852 0.3015625000000001 0.8907407407407407 0.31302083333333347 0.8907407407407407
1 0.7010416666666667 0.6759259259259262 0.6885416666666667 0.6759259259259262 0.6885416666666667 0.6972222222222224 0.7010416666666667 0.6972222222222224
1 0.7135416666666666 0.6824074074074076 0.6984375 0.6824074074074076 0.6984375 0.7046296296296298 0.7135416666666666 0.7046296296296298
1 0.015104166666666717 0.7185185185185186 0.003125000000000049 0.7185185185185186 0.00312500000000005 0.7379629629629629 0.015104166666666719 0.7379629629629629
1 0.030729166666666727 0.8425925925925926 0.016145833333333394 0.8425925925925926 0.016145833333333394 0.8657407407407407 0.030729166666666727 0.8657407407407407
1 0.10572916666666672 0.7037037037037037 0.0911458333333334 0.7037037037037037 0.0911458333333334 0.7231481481481481 0.10572916666666672 0.7231481481481481
1 0.1958333333333334 0.5962962962962963 0.17968750000000006 0.5962962962962963 0.17968750000000006 0.6212962962962963 0.1958333333333334 0.6212962962962963
1 0.24010416666666673 0.6037037037037037 0.22604166666666672 0.6037037037037037 0.22604166666666672 0.6351851851851852 0.24010416666666673 0.6351851851851852
1 0.2291666666666667 0.5953703703703703 0.21822916666666672 0.5953703703703703 0.21822916666666672 0.6138888888888889 0.2291666666666667 0.6138888888888889
1 0.22968750000000007 0.8018518518518518 0.2161458333333334 0.8018518518518518 0.2161458333333334 0.8296296296296296 0.22968750000000007 0.8296296296296296