1 0.49322916666666666 0.29074074074074086 0.4791666666666667 0.29074074074074086 0.4791666666666667 0.31481481481481494 0.49322916666666666 0.31481481481481494
1 0.45677083333333335 0.35648148148148157 0.44375 0.35648148148148157 0.44375 0.38611111111111124 0.45677083333333335 0.38611111111111124
1 0.47552083333333334 0.5777777777777777 0.4625 0.5777777777777777 0.4625 0.6018518518518519 0.47552083333333334 0.6018518518518519
1 0.49895833333333334 0.5555555555555558 0.48802083333333335 0.5555555555555558 0.48802083333333335 0.5768518518518521 0.49895833333333334 0.5768518518518521
1 0.525 0.5685185185185188 0.5166666666666667 0.5685185185185188 0.5166666666666667 0.5842592592592595 0.525 0.5842592592592595
1 0.5307291666666667 0.551851851851852 0.5229166666666667 0.551851851851852 0.5229166666666667 0.5703703703703705 0.5307291666666667 0.5703703703703705
1 0.5661458333333333 0.5194444444444447 0.5541666666666667 0.5194444444444447 0.5541666666666667 0.5379629629629632 0.5661458333333333 0.5379629629629632
1 0.515625 0.6842592592592595 0.49947916666666664 0.6842592592592595 0.49947916666666664 0.7129629629629631 0.515625 0.7129629629629631
1 0.47552083333333334 0.6064814814814815 0.465625 0.6064814814814815 0.465625 0.6268518518518519 0.47552083333333334 0.6268518518518519
1 0.49583333333333335 0.5953703703703705 0.4864583333333333 0.5953703703703705 0.4864583333333333 0.6194444444444447 0.49583333333333335 0.6194444444444447
1 0.46875 0.6055555555555555 0.4588541666666667 0.6055555555555555 0.4588541666666667 0.6259259259259259 0.46875 0.6259259259259259
1 0.48802083333333335 0.5935185185185187 0.4791666666666667 0.5935185185185186 0.4791666666666667 0.612962962962963 0.48802083333333335 0.6129629629629632
1 0.35208333333333336 0.7240740740740741 0.3411458333333333 0.7240740740740741 0.3411458333333333 0.7481481481481481 0.35208333333333336 0.7481481481481481
1 0.34010416666666665 0.725925925925926 0.3307291666666667 0.725925925925926 0.3307291666666667 0.7490740740740741 0.34010416666666665 0.7490740740740741
1 0.34791666666666665 0.7333333333333333 0.3338541666666667 0.7333333333333333 0.3338541666666667 0.7574074074074074 0.34791666666666665 0.7574074074074074
1 0.3182291666666667 0.6574074074074074 0.3072916666666667 0.6574074074074074 0.3072916666666667 0.6805555555555556 0.3182291666666667 0.6805555555555556
1 0.3255208333333333 0.637962962962963 0.31145833333333334 0.637962962962963 0.31145833333333334 0.6601851851851852 0.3255208333333333 0.6601851851851852
1 0.328125 0.6703703703703704 0.3182291666666667 0.6703703703703704 0.3182291666666667 0.6962962962962963 0.328125 0.6962962962962963
1 0.28854166666666664 0.7388888888888889 0.27760416666666665 0.7388888888888889 0.27760416666666665 0.7620370370370371 0.28854166666666664 0.7620370370370371
1 0.6421875 0.42962962962962975 0.6270833333333333 0.42962962962962975 0.6270833333333333 0.45555555555555566 0.6421875 0.45555555555555566
1 0.6401041666666667 0.4425925925925927 0.6255208333333333 0.4425925925925927 0.6255208333333333 0.4712962962962964 0.6401041666666667 0.4712962962962964
1 0.6338541666666667 0.8657407407407409 0.6192708333333333 0.8657407407407409 0.6192708333333333 0.8935185185185187 0.6338541666666667 0.8935185185185187
1 0.6182291666666667 0.8592592592592595 0.6052083333333333 0.8592592592592595 0.6052083333333333 0.8888888888888891 0.6182291666666667 0.8888888888888891
1 0.6083333333333333 0.8444444444444447 0.5979166666666667 0.8444444444444447 0.5979166666666667 0.8694444444444447 0.6083333333333333 0.8694444444444447
1 0.6770833333333334 0.7009259259259262 0.6651041666666667 0.7009259259259262 0.6651041666666667 0.7268518518518521 0.6770833333333334 0.7268518518518521
1 0.7119791666666667 0.5768518518518521 0.6973958333333333 0.5768518518518521 0.6973958333333333 0.6064814814814817 0.7119791666666667 0.6064814814814817