1 0.4875 0.43981481481481494 0.4713541666666667 0.43981481481481494 0.4713541666666667 0.46574074074074084 0.4875 0.46574074074074084
1 0.4453125 0.4092592592592594 0.4265625 0.4092592592592594 0.4265625 0.4351851851851853 0.4453125 0.4351851851851853
1 0.43697916666666664 0.3990740740740742 0.4192708333333333 0.3990740740740742 0.4192708333333333 0.426851851851852 0.43697916666666664 0.426851851851852
1 0.42552083333333335 0.3675925925925927 0.40520833333333334 0.3675925925925927 0.40520833333333334 0.3990740740740742 0.42552083333333335 0.3990740740740742
1 0.4401041666666667 0.39074074074074083 0.4197916666666667 0.39074074074074083 0.4197916666666667 0.40555555555555567 0.4401041666666667 0.40555555555555567
1 0.425 0.712037037037037 0.41041666666666665 0.712037037037037 0.41041666666666665 0.737037037037037 0.425 0.737037037037037
1 0.4161458333333333 0.7064814814814815 0.3984375 0.7064814814814815 0.3984375 0.7324074074074074 0.4161458333333333 0.7324074074074074
1 0.528125 0.677777777777778 0.5140625 0.677777777777778 0.5140625 0.702777777777778 0.528125 0.702777777777778
1 0.584375 0.2722222222222223 0.565625 0.2722222222222223 0.565625 0.29722222222222233 0.584375 0.29722222222222233
1 0.26666666666666666 0.43333333333333346 0.24791666666666673 0.43333333333333346 0.24791666666666673 0.463888888888889 0.26666666666666666 0.463888888888889
1 0.25625000000000003 0.4694444444444445 0.2395833333333334 0.46944444444444444 0.2395833333333334 0.49444444444444446 0.25625000000000003 0.49444444444444446
1 0.2645833333333334 0.47685185185185186 0.25000000000000006 0.47685185185185186 0.25000000000000006 0.4962962962962963 0.2645833333333334 0.4962962962962963
1 0.2567708333333334 0.49444444444444446 0.23125000000000007 0.49444444444444446 0.23125000000000007 0.5157407407407407 0.2567708333333334 0.5157407407407407
1 0.45208333333333334 0.5166666666666667 0.4354166666666667 0.5166666666666667 0.4354166666666667 0.5509259259259259 0.45208333333333334 0.5509259259259259
1 0.2447916666666667 0.6666666666666666 0.22447916666666673 0.6666666666666666 0.22447916666666673 0.6898148148148148 0.2447916666666667 0.6898148148148148
1 0.24947916666666672 0.6805555555555556 0.23125000000000007 0.6805555555555556 0.23125000000000007 0.7046296296296296 0.24947916666666672 0.7046296296296296
1 0.2927083333333334 0.8407407407407408 0.2703125 0.8407407407407408 0.27031250000000007 0.8759259259259259 0.29270833333333346 0.8759259259259259
1 0.41354166666666664 0.8175925925925925 0.38958333333333334 0.8175925925925925 0.38958333333333334 0.8518518518518519 0.41354166666666664 0.8518518518518519
1 0.4140625000000001 0.9064814814814814 0.3979166666666668 0.9064814814814814 0.3979166666666668 0.9361111111111111 0.4140625000000001 0.9361111111111111