1 0.5078125 0.4888888888888891 0.5005208333333333 0.4888888888888891 0.5005208333333333 0.502777777777778 0.5078125 0.502777777777778
1 0.48072916666666665 0.5398148148148149 0.471875 0.5398148148148149 0.471875 0.5555555555555556 0.48072916666666665 0.5555555555555556
1 0.5203125 0.6240740740740743 0.5125 0.6240740740740743 0.5125 0.6435185185185187 0.5203125 0.6435185185185187
1 0.5291666666666667 0.6092592592592595 0.5223958333333333 0.6092592592592595 0.5223958333333333 0.6231481481481483 0.5291666666666667 0.6231481481481483
1 0.5557291666666667 0.6203703703703706 0.5479166666666667 0.6203703703703706 0.5479166666666667 0.6388888888888891 0.5557291666666667 0.6388888888888891
1 0.5729166666666666 0.6000000000000002 0.565625 0.6000000000000002 0.565625 0.6175925925925928 0.5729166666666666 0.6175925925925928
1 0.5864583333333333 0.5796296296296298 0.5807291666666666 0.5796296296296298 0.5807291666666666 0.5925925925925928 0.5864583333333333 0.5925925925925928
1 0.6020833333333333 0.5750000000000002 0.5927083333333333 0.5750000000000002 0.5927083333333333 0.5925925925925928 0.6020833333333333 0.5925925925925928
1 0.5010416666666667 0.6453703703703706 0.49270833333333336 0.6453703703703706 0.49270833333333336 0.6620370370370372 0.5010416666666667 0.6620370370370372
1 0.521875 0.6722222222222224 0.5135416666666667 0.6722222222222224 0.5135416666666667 0.690740740740741 0.521875 0.690740740740741
1 0.4895833333333333 0.7037037037037038 0.4822916666666667 0.7037037037037037 0.4822916666666667 0.7175925925925927 0.4895833333333333 0.7175925925925928
1 0.48020833333333335 0.6425925925925926 0.47239583333333335 0.6425925925925926 0.47239583333333335 0.6601851851851852 0.48020833333333335 0.6601851851851852
1 0.5776041666666667 0.7222222222222224 0.5692708333333333 0.7222222222222224 0.5692708333333333 0.7416666666666669 0.5776041666666667 0.7416666666666669
1 0.5822916666666667 0.7824074074074077 0.575 0.7824074074074077 0.575 0.7990740740740743 0.5822916666666667 0.7990740740740743
1 0.5791666666666667 0.7814814814814817 0.571875 0.7814814814814817 0.571875 0.7972222222222224 0.5791666666666667 0.7972222222222224
1 0.5223958333333333 0.7833333333333335 0.5140625 0.7833333333333335 0.5140625 0.801851851851852 0.5223958333333333 0.801851851851852
1 0.6041666666666666 0.8481481481481483 0.5947916666666667 0.8481481481481483 0.5947916666666667 0.864814814814815 0.6041666666666666 0.864814814814815
1 0.55625 0.8092592592592595 0.5479166666666667 0.8092592592592595 0.5479166666666667 0.8259259259259262 0.55625 0.8259259259259262
1 0.58125 0.8907407407407409 0.5697916666666667 0.8907407407407409 0.5697916666666667 0.9092592592592594 0.58125 0.9092592592592594
1 0.5796875 0.8750000000000002 0.5739583333333333 0.8750000000000002 0.5739583333333333 0.8888888888888891 0.5796875 0.8888888888888891
1 0.6390625 0.8703703703703706 0.6291666666666667 0.8703703703703706 0.6291666666666667 0.8861111111111113 0.6390625 0.8861111111111113
1 0.6484375 0.8129629629629632 0.640625 0.8129629629629632 0.640625 0.827777777777778 0.6484375 0.827777777777778
1 0.6338541666666667 0.8120370370370372 0.6270833333333333 0.8120370370370372 0.6270833333333333 0.8259259259259262 0.6338541666666667 0.8259259259259262
1 0.7270833333333333 0.5842592592592595 0.7197916666666667 0.5842592592592595 0.7197916666666667 0.5990740740740743 0.7270833333333333 0.5990740740740743
1 0.6979166666666666 0.5564814814814817 0.690625 0.5564814814814817 0.690625 0.5694444444444446 0.6979166666666666 0.5694444444444446
1 0.7203125 0.6509259259259261 0.7145833333333333 0.6509259259259261 0.7145833333333333 0.6685185185185187 0.7203125 0.6685185185185187
1 0.7130208333333333 0.7657407407407409 0.7041666666666667 0.7657407407407409 0.7041666666666667 0.7814814814814817 0.7130208333333333 0.7814814814814817
1 0.6979166666666666 0.7953703703703706 0.6916666666666667 0.7953703703703706 0.6916666666666667 0.8083333333333336 0.6979166666666666 0.8083333333333336
1 0.6932291666666667 0.7935185185185187 0.6875 0.7935185185185187 0.6875 0.8083333333333336 0.6932291666666667 0.8083333333333336
1 0.6989583333333333 0.8675925925925928 0.6927083333333334 0.8675925925925928 0.6927083333333334 0.8907407407407409 0.6989583333333333 0.8907407407407409
1 0.7057291666666666 0.8712962962962965 0.6989583333333333 0.8712962962962965 0.6989583333333333 0.8861111111111113 0.7057291666666666 0.8861111111111113
1 0.7161458333333334 0.8759259259259261 0.7083333333333334 0.8759259259259261 0.7083333333333334 0.8916666666666668 0.7161458333333334 0.8916666666666668
1 0.7192708333333333 0.8814814814814816 0.7125 0.8814814814814816 0.7125 0.9009259259259261 0.7192708333333333 0.9009259259259261
1 0.19218750000000007 0.712037037037037 0.1770833333333334 0.712037037037037 0.1770833333333334 0.7398148148148148 0.19218750000000007 0.7398148148148148
1 0.3322916666666667 0.8481481481481481 0.31979166666666664 0.8481481481481481 0.31979166666666675 0.8740740740740741 0.33229166666666676 0.8740740740740741
1 0.3338541666666667 0.7814814814814814 0.321875 0.7814814814814814 0.321875 0.8037037037037037 0.3338541666666667 0.8037037037037037
1 0.3630208333333334 0.8453703703703703 0.35260416666666666 0.8453703703703703 0.3526041666666667 0.8722222222222222 0.36302083333333346 0.8722222222222222
1 0.3890625 0.8157407407407408 0.37864583333333335 0.8157407407407408 0.37864583333333335 0.8361111111111111 0.3890625 0.8361111111111111
1 0.20729166666666674 0.9407407407407408 0.1927083333333334 0.9407407407407408 0.1927083333333334 0.9712962962962963 0.20729166666666674 0.9712962962962963
1 0.1395833333333334 0.9527777777777777 0.11406250000000005 0.9527777777777777 0.11406250000000005 1 0.1395833333333334 1
1 0.10260416666666673 0.8870370370370371 0.08541666666666672 0.8870370370370371 0.08541666666666672 0.9231481481481482 0.10260416666666673 0.9231481481481482
1 0.06614583333333339 0.9037037037037037 0.048958333333333395 0.9037037037037037 0.048958333333333395 0.9388888888888889 0.06614583333333339 0.9388888888888889
1 0.032812500000000064 0.95 0.016666666666666732 0.95 0.016666666666666732 0.9768518518518519 0.032812500000000064 0.9768518518518519
1 0.9807291666666667 0.3750000000000002 0.9619791666666667 0.3750000000000002 0.9619791666666667 0.4194444444444447 0.9807291666666667 0.4194444444444447