1 0.4942708333333333 0.5074074074074075 0.4625 0.5074074074074074 0.4625 0.5666666666666668 0.4942708333333333 0.5666666666666669
1 0.5786458333333333 0.09814814814814828 0.5588541666666667 0.09814814814814828 0.5588541666666667 0.14537037037037048 0.5786458333333333 0.14537037037037048
1 0.5916666666666667 0.10648148148148161 0.575 0.10648148148148161 0.575 0.1425925925925927 0.5916666666666667 0.1425925925925927
1 0.6197916666666666 0.08333333333333347 0.6026041666666667 0.08333333333333347 0.6026041666666667 0.1166666666666668 0.6197916666666666 0.1166666666666668
1 0.6192708333333333 0.5101851851851854 0.5994791666666667 0.5101851851851854 0.5994791666666667 0.5490740740740743 0.6192708333333333 0.5490740740740743
1 0.6427083333333333 0.47314814814814826 0.6161458333333333 0.47314814814814826 0.6161458333333333 0.5222222222222225 0.6427083333333333 0.5222222222222225
1 0.7276041666666667 0.4888888888888891 0.7057291666666666 0.4888888888888891 0.7057291666666666 0.5314814814814817 0.7276041666666667 0.5314814814814817
1 0.7151041666666667 0.4703703703703705 0.6963541666666667 0.4703703703703705 0.6963541666666667 0.5064814814814816 0.7151041666666667 0.5064814814814816
1 0.2239583333333334 0.7805555555555556 0.2036458333333334 0.7805555555555556 0.2036458333333334 0.8222222222222222 0.2239583333333334 0.8222222222222222
1 0.13489583333333338 0.6305555555555555 0.10937500000000003 0.6305555555555555 0.10937500000000004 0.6722222222222223 0.13489583333333338 0.6722222222222223
1 0.1432291666666667 0.6574074074074074 0.12395833333333339 0.6574074074074074 0.12395833333333339 0.6953703703703704 0.1432291666666667 0.6953703703703704
1 0.31197916666666664 0.6527777777777778 0.29010416666666666 0.6527777777777778 0.29010416666666666 0.6953703703703704 0.31197916666666664 0.6953703703703704