1 0.521875 0.3416666666666668 0.49166666666666664 0.3416666666666668 0.49166666666666664 0.3962962962962964 0.521875 0.3962962962962964
1 0.5239583333333333 0.552777777777778 0.49166666666666664 0.552777777777778 0.49166666666666664 0.5962962962962965 0.5239583333333333 0.5962962962962965
1 0.5052083333333334 0.6212962962962963 0.475 0.6212962962962963 0.475 0.6620370370370371 0.5052083333333334 0.6620370370370372
1 0.5239583333333333 0.7972222222222224 0.5020833333333333 0.7972222222222224 0.5020833333333333 0.8296296296296298 0.5239583333333333 0.8296296296296298
1 0.5098958333333333 0.8259259259259262 0.48854166666666665 0.8259259259259262 0.48854166666666665 0.8518518518518521 0.5098958333333333 0.8518518518518521
1 0.49635416666666665 0.8046296296296297 0.4744791666666667 0.8046296296296296 0.4744791666666667 0.8416666666666668 0.49635416666666665 0.8416666666666669
1 0.6833333333333333 0.6583333333333335 0.6567708333333333 0.6583333333333335 0.6567708333333333 0.6972222222222224 0.6833333333333333 0.6972222222222224
1 0.6921875 0.8518518518518521 0.6729166666666667 0.8518518518518521 0.6729166666666667 0.8805555555555558 0.6921875 0.8805555555555558
1 0.6713541666666667 0.7814814814814817 0.653125 0.7814814814814817 0.653125 0.8046296296296298 0.6713541666666667 0.8046296296296298
1 0.2864583333333333 0.5527777777777778 0.2583333333333334 0.5527777777777778 0.2583333333333334 0.5907407407407408 0.2864583333333333 0.5907407407407408
1 0.28125 0.5907407407407408 0.25572916666666673 0.5907407407407408 0.25572916666666673 0.6231481481481481 0.28125 0.6231481481481481
1 0.26250000000000007 0.6796296296296296 0.24010416666666673 0.6796296296296296 0.24010416666666673 0.7203703703703703 0.26250000000000007 0.7203703703703703
1 0.2489583333333334 0.8555555555555555 0.2270833333333334 0.8555555555555555 0.2270833333333334 0.8861111111111111 0.2489583333333334 0.8861111111111111
1 0.24635416666666674 0.8814814814814815 0.22500000000000006 0.8814814814814815 0.22500000000000006 0.9111111111111111 0.24635416666666674 0.9111111111111111
1 0.39010416666666664 0.5175925925925926 0.3645833333333333 0.5175925925925926 0.3645833333333333 0.5611111111111111 0.39010416666666664 0.5611111111111111
1 0.27447916666666666 0.41018518518518526 0.2546875 0.41018518518518526 0.2546875 0.450925925925926 0.27447916666666666 0.450925925925926
1 0.5885416666666666 0.07685185185185198 0.5666666666666667 0.07685185185185198 0.5666666666666667 0.11574074074074087 0.5885416666666666 0.11574074074074087
1 0.2947916666666667 0.22685185185185192 0.26614583333333336 0.22685185185185192 0.26614583333333336 0.26296296296296306 0.2947916666666667 0.26296296296296306
1 0.5427083333333333 0.9074074074074077 0.5255208333333334 0.9074074074074077 0.5255208333333334 0.926851851851852 0.5427083333333333 0.926851851851852
1 0.3229166666666667 0.825925925925926 0.3104166666666667 0.825925925925926 0.3104166666666667 0.8407407407407408 0.3229166666666667 0.8407407407407408
1 0.32395833333333335 0.7694444444444445 0.309375 0.7694444444444445 0.309375 0.7898148148148149 0.32395833333333335 0.7898148148148149
1 0.3203125 0.75 0.303125 0.75 0.303125 0.7712962962962963 0.3203125 0.7712962962962963
1 0.6208333333333333 0.6694444444444446 0.6 0.6694444444444446 0.6 0.7000000000000002 0.6208333333333333 0.7000000000000002