1 0.6229166666666667 0.23240740740740756 0.6057291666666667 0.23240740740740756 0.6057291666666667 0.2583333333333334 0.6229166666666667 0.2583333333333334
1 0.7385416666666667 0.26388888888888906 0.721875 0.263888888888889 0.721875 0.2935185185185187 0.7385416666666667 0.29351851851851873
1 0.5114583333333333 0.2314814814814816 0.49583333333333335 0.2314814814814816 0.49583333333333335 0.2583333333333334 0.5114583333333333 0.2583333333333334
1 0.4817708333333333 0.21481481481481493 0.46770833333333334 0.21481481481481493 0.46770833333333334 0.24444444444444455 0.4817708333333333 0.24444444444444455
1 0.53125 0.19537037037037047 0.5171875 0.19537037037037047 0.5171875 0.21944444444444455 0.53125 0.21944444444444455
1 0.55 0.2074074074074075 0.5338541666666666 0.2074074074074075 0.5338541666666666 0.23888888888888898 0.55 0.23888888888888898
1 0.5447916666666667 0.17592592592592604 0.5302083333333333 0.17592592592592604 0.5302083333333333 0.20555555555555566 0.5447916666666667 0.20555555555555566
1 0.5328125 0.1425925925925927 0.5171875 0.1425925925925927 0.5171875 0.1750000000000001 0.5328125 0.1750000000000001
1 0.4036458333333333 0.2064814814814816 0.3885416666666667 0.2064814814814816 0.3885416666666667 0.23333333333333345 0.4036458333333333 0.23333333333333345
1 0.3927083333333333 0.1712962962962964 0.38229166666666664 0.1712962962962964 0.38229166666666664 0.19537037037037047 0.3927083333333333 0.19537037037037047
1 0.33177083333333335 0.23611111111111116 0.31614583333333335 0.23611111111111116 0.31614583333333335 0.263888888888889 0.33177083333333335 0.263888888888889
1 0.3078125 0.288888888888889 0.29322916666666665 0.288888888888889 0.29322916666666665 0.30833333333333346 0.3078125 0.30833333333333346
1 0.3026041666666667 0.2675925925925927 0.29270833333333335 0.2675925925925927 0.29270833333333335 0.2925925925925927 0.3026041666666667 0.2925925925925927
1 0.3026041666666667 0.25092592592592605 0.290625 0.25092592592592605 0.290625 0.2675925925925927 0.3026041666666667 0.2675925925925927
1 0.5067708333333333 0.5259259259259261 0.49166666666666664 0.5259259259259261 0.49166666666666664 0.5490740740740743 0.5067708333333333 0.5490740740740743
1 0.5526041666666667 0.5953703703703705 0.5401041666666667 0.5953703703703705 0.5401041666666667 0.614814814814815 0.5526041666666667 0.614814814814815
1 0.42291666666666666 0.5796296296296296 0.4083333333333333 0.5796296296296296 0.4083333333333333 0.6055555555555555 0.42291666666666666 0.6055555555555555