1 0.2953125 0.28703703703703715 0.28020833333333334 0.28703703703703715 0.28020833333333334 0.30925925925925934 0.2953125 0.30925925925925934
1 0.265625 0.2712962962962964 0.2552083333333333 0.2712962962962964 0.2552083333333333 0.2916666666666668 0.265625 0.2916666666666668
1 0.2703125 0.2750000000000001 0.2604166666666667 0.2750000000000001 0.2604166666666667 0.29537037037037045 0.2703125 0.29537037037037045
1 0.29375 0.26111111111111124 0.28489583333333335 0.26111111111111124 0.28489583333333335 0.2750000000000001 0.29375 0.2750000000000001
1 0.2942708333333333 0.22129629629629635 0.28541666666666665 0.22129629629629635 0.28541666666666665 0.23796296296296307 0.2942708333333333 0.23796296296296307
1 0.37447916666666664 0.2537037037037038 0.36354166666666665 0.2537037037037038 0.36354166666666665 0.2722222222222223 0.37447916666666664 0.2722222222222223
1 0.3260416666666667 0.09444444444444453 0.3151041666666667 0.09444444444444453 0.3151041666666667 0.11111111111111119 0.3260416666666667 0.11111111111111119
1 0.3390625 0.024074074074074147 0.32864583333333336 0.024074074074074147 0.32864583333333336 0.04074074074074081 0.3390625 0.04074074074074082
1 0.3078125 0.6129629629629629 0.2984375 0.6129629629629629 0.2984375 0.625 0.3078125 0.625
1 0.271875 0.587037037037037 0.2645833333333334 0.587037037037037 0.2645833333333334 0.5981481481481481 0.271875 0.5981481481481481
1 0.26875 0.4129629629629631 0.25885416666666666 0.4129629629629631 0.25885416666666666 0.42777777777777787 0.26875 0.42777777777777787
1 0.26614583333333336 0.3972222222222223 0.2578125 0.3972222222222223 0.2578125 0.41203703703703715 0.26614583333333336 0.41203703703703715
1 0.2875 0.5953703703703703 0.28020833333333334 0.5953703703703703 0.28020833333333334 0.6074074074074074 0.2875 0.6074074074074074
1 0.4583333333333333 0.4546296296296297 0.4515625 0.4546296296296297 0.4515625 0.46759259259259267 0.4583333333333333 0.46759259259259267
1 0.3 0.3833333333333334 0.29010416666666666 0.3833333333333334 0.29010416666666666 0.3972222222222223 0.3 0.3972222222222223
1 0.35052083333333334 0.09907407407407415 0.34010416666666665 0.09907407407407415 0.34010416666666665 0.11388888888888897 0.35052083333333334 0.11388888888888897