1 0.37031250000000004 0.850925925925926 0.3578125 0.850925925925926 0.35781250000000003 0.8796296296296297 0.3703125000000001 0.8796296296296297
1 0.3843750000000001 0.8444444444444444 0.37604166666666666 0.8444444444444444 0.3760416666666667 0.8657407407407407 0.38437500000000013 0.8657407407407407
1 0.3963541666666667 0.7055555555555556 0.38645833333333335 0.7055555555555556 0.38645833333333335 0.7268518518518519 0.3963541666666667 0.7268518518518519
1 0.47291666666666665 0.7833333333333333 0.4625 0.7833333333333333 0.4625 0.8055555555555556 0.47291666666666665 0.8055555555555556
1 0.49114583333333334 0.7842592592592593 0.4828125 0.7842592592592592 0.4828125 0.7962962962962964 0.49114583333333334 0.7962962962962965
1 0.5083333333333333 0.7657407407407409 0.5005208333333333 0.7657407407407409 0.5005208333333333 0.7851851851851854 0.5083333333333333 0.7851851851851854
1 0.4744791666666667 0.7444444444444445 0.4671875 0.7444444444444445 0.4671875 0.762962962962963 0.4744791666666667 0.762962962962963
1 0.5822916666666667 0.7425925925925928 0.5760416666666667 0.7425925925925928 0.5760416666666667 0.7546296296296299 0.5822916666666667 0.7546296296296299
1 0.5609375 0.6944444444444446 0.5552083333333333 0.6944444444444446 0.5552083333333333 0.7074074074074076 0.5609375 0.7074074074074076
1 0.5671875 0.6592592592592594 0.5619791666666667 0.6592592592592594 0.5619791666666667 0.6722222222222224 0.5671875 0.6722222222222224
1 0.5776041666666667 0.6490740740740742 0.571875 0.6490740740740742 0.571875 0.6638888888888891 0.5776041666666667 0.6638888888888891
1 0.5833333333333334 0.6379629629629632 0.5776041666666667 0.6379629629629632 0.5776041666666667 0.6481481481481484 0.5833333333333334 0.6481481481481484
1 0.5791666666666667 0.676851851851852 0.5744791666666667 0.676851851851852 0.5744791666666667 0.6879629629629632 0.5791666666666667 0.6879629629629632
1 0.5984375 0.6444444444444447 0.5947916666666667 0.6444444444444447 0.5947916666666667 0.6555555555555558 0.5984375 0.6555555555555558
1 0.6088541666666667 0.6324074074074076 0.6041666666666666 0.6324074074074076 0.6041666666666666 0.6444444444444447 0.6088541666666667 0.6444444444444447
1 0.6171875 0.6222222222222225 0.6130208333333333 0.6222222222222225 0.6130208333333333 0.6314814814814816 0.6171875 0.6314814814814816
1 0.6260416666666667 0.6185185185185187 0.6213541666666667 0.6185185185185187 0.6213541666666667 0.6287037037037039 0.6260416666666667 0.6287037037037039
1 0.6135416666666667 0.7074074074074076 0.6088541666666667 0.7074074074074076 0.6088541666666667 0.7175925925925928 0.6135416666666667 0.7175925925925928
1 0.6182291666666667 0.7416666666666669 0.6109375 0.7416666666666669 0.6109375 0.7537037037037039 0.6182291666666667 0.7537037037037039
1 0.31510416666666674 0.8444444444444444 0.30572916666666666 0.8444444444444444 0.3057291666666667 0.8611111111111112 0.3151041666666668 0.8611111111111112
1 0.29322916666666676 0.9037037037037037 0.2843750000000001 0.9037037037037037 0.2843750000000001 0.925 0.29322916666666676 0.925
1 0.3026041666666668 0.9046296296296297 0.29322916666666676 0.9046296296296297 0.29322916666666676 0.925 0.3026041666666668 0.925
1 0.37343750000000014 0.8870370370370371 0.36562500000000014 0.8870370370370371 0.36562500000000014 0.9046296296296297 0.37343750000000014 0.9046296296296297
1 0.37552083333333347 0.8962962962962963 0.36875000000000013 0.8962962962962963 0.36875000000000013 0.9111111111111111 0.37552083333333347 0.9111111111111111
1 0.40572916666666664 0.8444444444444444 0.3984375 0.8444444444444444 0.3984375 0.8592592592592593 0.40572916666666664 0.8592592592592593
1 0.16510416666666672 0.8416666666666667 0.15572916666666672 0.8416666666666667 0.15572916666666672 0.8638888888888889 0.16510416666666672 0.8638888888888889
1 0.2869791666666667 0.5453703703703704 0.28020833333333334 0.5453703703703704 0.28020833333333334 0.5601851851851852 0.2869791666666667 0.5601851851851852
1 0.17343750000000005 0.8787037037037037 0.16718750000000007 0.8787037037037037 0.16718750000000007 0.899074074074074 0.17343750000000005 0.899074074074074
1 0.17968750000000006 0.9111111111111111 0.17031250000000006 0.9111111111111111 0.17031250000000006 0.9259259259259259 0.17968750000000006 0.9259259259259259
1 0.6598958333333333 0.7629629629629632 0.6552083333333333 0.7629629629629632 0.6552083333333333 0.7712962962962965 0.6598958333333333 0.7712962962962965
1 0.653125 0.7962962962962965 0.6484375 0.7962962962962965 0.6484375 0.8055555555555558 0.653125 0.8055555555555558
1 0.5536458333333333 0.6000000000000002 0.546875 0.6000000000000002 0.546875 0.6092592592592595 0.5536458333333333 0.6092592592592595
1 0.5661458333333333 0.6120370370370373 0.5609375 0.6120370370370373 0.5609375 0.6222222222222225 0.5661458333333333 0.6222222222222225
1 0.7041666666666667 0.6203703703703706 0.6994791666666667 0.6203703703703706 0.6994791666666667 0.6287037037037039 0.7041666666666667 0.6287037037037039
1 0.6848958333333334 0.6055555555555557 0.6802083333333333 0.6055555555555557 0.6802083333333333 0.6129629629629632 0.6848958333333334 0.6129629629629632
1 0.6692708333333334 0.6472222222222225 0.6635416666666667 0.6472222222222225 0.6635416666666667 0.6583333333333335 0.6692708333333334 0.6583333333333335
1 0.7015625 0.6638888888888891 0.696875 0.6638888888888891 0.696875 0.6722222222222224 0.7015625 0.6722222222222224
1 0.7135416666666666 0.714814814814815 0.709375 0.714814814814815 0.709375 0.7250000000000002 0.7135416666666666 0.7250000000000002
1 0.6979166666666666 0.7324074074074076 0.69375 0.7324074074074076 0.69375 0.7435185185185187 0.6979166666666666 0.7435185185185187
1 0.6864583333333333 0.7518518518518521 0.6822916666666666 0.7518518518518521 0.6822916666666666 0.7601851851851854 0.6864583333333333 0.7601851851851854
1 0.6895833333333333 0.7500000000000002 0.6848958333333334 0.7500000000000002 0.6848958333333334 0.7592592592592595 0.6895833333333333 0.7592592592592595
1 0.7041666666666667 0.8046296296296298 0.6989583333333333 0.8046296296296298 0.6989583333333333 0.815740740740741 0.7041666666666667 0.815740740740741
1 0.7010416666666667 0.801851851851852 0.696875 0.801851851851852 0.696875 0.8111111111111113 0.7010416666666667 0.8111111111111113
1 0.9901041666666667 0.37592592592592616 0.9630208333333333 0.37592592592592616 0.9630208333333333 0.4129629629629632 0.9901041666666667 0.4129629629629632
1 0.9177083333333333 0.43425925925925946 0.8984375 0.43425925925925946 0.8984375 0.4703703703703706 0.9177083333333333 0.4703703703703706