1 0.3515625 0.4351851851851853 0.33177083333333335 0.4351851851851853 0.33177083333333335 0.4722222222222223 0.3515625 0.4722222222222223
1 0.40989583333333335 0.43333333333333346 0.3932291666666667 0.43333333333333346 0.3932291666666667 0.4759259259259259 0.40989583333333335 0.4759259259259259
1 0.4786458333333333 0.4027777777777779 0.4557291666666667 0.4027777777777779 0.4557291666666667 0.45370370370370383 0.4786458333333333 0.45370370370370383
1 0.6140625 0.4314814814814816 0.5953125 0.4314814814814816 0.5953125 0.47314814814814826 0.6140625 0.47314814814814826
1 0.6026041666666667 0.40833333333333344 0.5848958333333333 0.40833333333333344 0.5848958333333333 0.44722222222222235 0.6026041666666667 0.44722222222222235
1 0.5213541666666667 0.7166666666666669 0.5005208333333333 0.7166666666666669 0.5005208333333333 0.7592592592592595 0.5213541666666667 0.7592592592592595
1 0.5234375 0.6231481481481483 0.5052083333333334 0.6231481481481483 0.5052083333333334 0.665740740740741 0.5234375 0.665740740740741
1 0.5541666666666667 0.6453703703703706 0.5375 0.6453703703703706 0.5375 0.6833333333333336 0.5541666666666667 0.6833333333333336
1 0.640625 0.46203703703703713 0.6286458333333333 0.46203703703703713 0.6286458333333333 0.49166666666666686 0.640625 0.49166666666666686
1 0.6515625 0.45925925925925937 0.6385416666666667 0.45925925925925937 0.6385416666666667 0.490740740740741 0.6515625 0.490740740740741
1 0.6729166666666667 0.37314814814814823 0.6567708333333333 0.37314814814814823 0.6567708333333333 0.41203703703703715 0.6729166666666667 0.41203703703703715
1 0.7234375 0.5722222222222224 0.7052083333333333 0.5722222222222224 0.7052083333333333 0.6083333333333335 0.7234375 0.6083333333333335
1 0.7286458333333333 0.5120370370370373 0.7072916666666667 0.5120370370370373 0.7072916666666667 0.5444444444444446 0.7286458333333333 0.5444444444444446
1 0.7958333333333333 0.42685185185185204 0.7802083333333333 0.42685185185185204 0.7802083333333333 0.4574074074074076 0.7958333333333333 0.4574074074074076
1 0.7895833333333333 0.4138888888888891 0.7723958333333333 0.4138888888888891 0.7723958333333333 0.4453703703703706 0.7895833333333333 0.4453703703703706
1 0.8041666666666667 0.39074074074074094 0.784375 0.39074074074074094 0.784375 0.4287037037037039 0.8041666666666667 0.4287037037037039
1 0.8302083333333333 0.43055555555555575 0.8125 0.43055555555555575 0.8125 0.4685185185185187 0.8302083333333333 0.4685185185185187
1 0.4875 0.022222222222222327 0.46927083333333336 0.022222222222222327 0.46927083333333336 0.07500000000000011 0.4875 0.07500000000000011
1 0.50625 0.02407407407407418 0.4859375 0.024074074074074178 0.4859375 0.059259259259259366 0.50625 0.059259259259259366
1 0.6270833333333333 0.07314814814814828 0.6098958333333333 0.07314814814814828 0.6098958333333333 0.11203703703703717 0.6270833333333333 0.11203703703703717
1 0.64375 0.0842592592592594 0.6265625 0.0842592592592594 0.6265625 0.1166666666666668 0.64375 0.1166666666666668
1 0.6864583333333333 0.11481481481481497 0.665625 0.11481481481481497 0.665625 0.1472222222222224 0.6864583333333333 0.1472222222222224
1 0.7026041666666667 0.08425925925925942 0.6869791666666667 0.08425925925925942 0.6869791666666667 0.1120370370370372 0.7026041666666667 0.1120370370370372
1 0.45208333333333334 0.2212962962962964 0.4322916666666667 0.2212962962962964 0.4322916666666667 0.25925925925925936 0.45208333333333334 0.25925925925925936
1 0.4375 0.22222222222222232 0.41875 0.22222222222222232 0.41875 0.2601851851851853 0.4375 0.2601851851851853
1 0.18958333333333338 0.512962962962963 0.1744791666666667 0.512962962962963 0.1744791666666667 0.537962962962963 0.18958333333333338 0.537962962962963
1 0.1989583333333334 0.5277777777777778 0.1833333333333334 0.5277777777777778 0.1833333333333334 0.5518518518518518 0.1989583333333334 0.5518518518518518
1 0.7182291666666667 0.7962962962962965 0.7 0.7962962962962965 0.7 0.827777777777778 0.7182291666666667 0.827777777777778
1 0.6921875 0.7555555555555558 0.678125 0.7555555555555558 0.678125 0.7861111111111113 0.6921875 0.7861111111111113