1 0.59375 0.12592592592592602 0.565625 0.12592592592592602 0.565625 0.16944444444444454 0.59375 0.16944444444444454
1 0.596875 1.276807681333259e-16 0.5760416666666667 1.2541290369046045e-16 0.5760416666666667 0.029629629629629763 0.596875 0.029629629629629763
1 0.7104166666666667 0.09259259259259275 0.6869791666666667 0.09259259259259275 0.6869791666666667 0.12870370370370385 0.7104166666666667 0.12870370370370385
1 0.7401041666666667 0.07037037037037053 0.7177083333333333 0.07037037037037053 0.7177083333333333 0.10555555555555571 0.7401041666666667 0.10555555555555571
1 0.7369791666666666 1.581268482787948e-16 0.715625 1.558022872248577e-16 0.715625 0.0074074074074075655 0.7369791666666666 0.007407407407407569
1 0.765625 0.19259259259259276 0.7338541666666667 0.19259259259259276 0.7338541666666667 0.23611111111111127 0.765625 0.23611111111111127
1 0.6963541666666667 0.36851851851851863 0.6760416666666667 0.36851851851851863 0.6760416666666667 0.4000000000000001 0.6963541666666667 0.4000000000000001
1 0.6984375 0.24074074074074084 0.675 0.24074074074074084 0.675 0.2712962962962964 0.6984375 0.2712962962962964
1 0.6989583333333333 0.2009259259259261 0.6776041666666667 0.2009259259259261 0.6776041666666667 0.22777777777777794 0.6989583333333333 0.22777777777777794
1 0.5494791666666666 0.3074074074074075 0.5328125 0.3074074074074075 0.5328125 0.33703703703703713 0.5494791666666666 0.33703703703703713
1 0.5442708333333334 0.338888888888889 0.5317708333333333 0.338888888888889 0.5317708333333333 0.3574074074074075 0.5442708333333334 0.3574074074074075
1 0.4484375 0.31296296296296305 0.42864583333333334 0.31296296296296305 0.42864583333333334 0.3398148148148149 0.4484375 0.3398148148148149