1 0.40520833333333334 0.7537037037037037 0.3828125 0.7537037037037037 0.3828125 0.7972222222222223 0.40520833333333334 0.7972222222222223
1 0.36770833333333336 0.7481481481481481 0.3536458333333333 0.7481481481481481 0.3536458333333333 0.7768518518518519 0.36770833333333336 0.7768518518518519
1 0.371875 0.6611111111111111 0.3546875 0.6611111111111111 0.3546875 0.7 0.371875 0.7
1 0.33645833333333336 0.7027777777777777 0.32447916666666665 0.7027777777777777 0.32447916666666665 0.7277777777777777 0.33645833333333336 0.7277777777777777
1 0.35520833333333335 0.7601851851851852 0.3421875 0.7601851851851852 0.3421875 0.7870370370370371 0.35520833333333335 0.7870370370370371
1 0.3416666666666667 0.7379629629629629 0.3307291666666667 0.7379629629629629 0.3307291666666667 0.7657407407407407 0.3416666666666667 0.7657407407407407
1 0.34739583333333335 0.7888888888888889 0.33697916666666666 0.7888888888888889 0.33697916666666666 0.8101851851851852 0.34739583333333335 0.8101851851851852
1 0.3765625 0.7092592592592593 0.3609375 0.7092592592592593 0.3609375 0.7361111111111112 0.3765625 0.7361111111111112
1 0.3614583333333333 0.7324074074074074 0.34427083333333336 0.7324074074074074 0.34427083333333336 0.7638888888888888 0.3614583333333333 0.7638888888888888
1 0.309375 0.687037037037037 0.3026041666666667 0.687037037037037 0.3026041666666667 0.6990740740740741 0.309375 0.6990740740740741
1 0.5104166666666666 0.815740740740741 0.496875 0.815740740740741 0.496875 0.8425925925925928 0.5104166666666666 0.8425925925925928
1 0.6989583333333333 0.7324074074074076 0.6890625 0.7324074074074076 0.6890625 0.7537037037037039 0.6989583333333333 0.7537037037037039
1 0.7052083333333333 0.7481481481481483 0.6947916666666667 0.7481481481481483 0.6947916666666667 0.7657407407407409 0.7052083333333333 0.7657407407407409