1 0.3572916666666667 0.2916666666666668 0.3328125 0.2916666666666668 0.3328125 0.3314814814814816 0.3572916666666667 0.3314814814814816
1 0.36041666666666666 0.23981481481481493 0.34427083333333336 0.23981481481481493 0.34427083333333336 0.26574074074074083 0.36041666666666666 0.26574074074074083
1 0.409375 0.24166666666666678 0.3875 0.24166666666666678 0.3875 0.27314814814814825 0.409375 0.27314814814814825
1 0.3859375 0.18796296296296308 0.371875 0.18796296296296308 0.371875 0.20925925925925937 0.3859375 0.20925925925925937
1 0.3541666666666667 0.2203703703703704 0.3385416666666667 0.2203703703703704 0.3385416666666667 0.2425925925925927 0.3541666666666667 0.2425925925925927
1 0.36614583333333334 0.19907407407407415 0.35104166666666664 0.19907407407407413 0.35104166666666664 0.21851851851851858 0.36614583333333334 0.2185185185185186
1 0.3375 0.21111111111111117 0.3255208333333333 0.21111111111111117 0.3255208333333333 0.22962962962962968 0.3375 0.22962962962962968
1 0.38229166666666664 0.2527777777777779 0.3671875 0.2527777777777779 0.3671875 0.28055555555555567 0.38229166666666664 0.28055555555555567
1 0.3692708333333333 0.22314814814814823 0.3515625 0.2231481481481482 0.3515625 0.25462962962962976 0.3692708333333333 0.25462962962962976
1 0.3953125 0.1500000000000001 0.3880208333333333 0.1500000000000001 0.3880208333333333 0.1611111111111112 0.3953125 0.1611111111111112
1 0.3229166666666667 0.49444444444444446 0.3078125 0.49444444444444446 0.3078125 0.5185185185185185 0.3229166666666667 0.5185185185185185
1 0.3692708333333333 0.8361111111111111 0.3572916666666667 0.8361111111111111 0.3572916666666667 0.8537037037037037 0.3692708333333333 0.8537037037037037
1 0.3604166666666667 0.8472222222222222 0.35052083333333334 0.8472222222222222 0.3505208333333334 0.8657407407407407 0.3604166666666668 0.8657407407407407