1 0.6317708333333333 0.7731481481481484 0.6151041666666667 0.7731481481481484 0.6151041666666667 0.8000000000000002 0.6317708333333333 0.8000000000000002
1 0.7041666666666667 0.540740740740741 0.6869791666666667 0.540740740740741 0.6869791666666667 0.5694444444444446 0.7041666666666667 0.5694444444444446
1 0.7015625 0.49166666666666686 0.6895833333333333 0.49166666666666686 0.6895833333333333 0.5083333333333335 0.7015625 0.5083333333333335
1 0.6833333333333333 0.43796296296296305 0.6708333333333333 0.43796296296296305 0.6708333333333333 0.45925925925925937 0.6833333333333333 0.45925925925925937
1 0.6666666666666666 0.5370370370370372 0.6520833333333333 0.5370370370370372 0.6520833333333333 0.5574074074074076 0.6666666666666666 0.5574074074074076
1 0.7541666666666667 0.7388888888888892 0.7375 0.7388888888888892 0.7375 0.7675925925925928 0.7541666666666667 0.7675925925925928
1 0.7567708333333333 0.8064814814814817 0.7411458333333333 0.8064814814814817 0.7411458333333333 0.8287037037037039 0.7567708333333333 0.8287037037037039
1 0.7651041666666667 0.853703703703704 0.7442708333333333 0.853703703703704 0.7442708333333333 0.8833333333333335 0.7651041666666667 0.8833333333333335
1 0.7239583333333334 0.9175925925925928 0.7046875 0.9175925925925928 0.7046875 0.940740740740741 0.7239583333333334 0.940740740740741
1 0.7338541666666667 0.9675925925925926 0.7130208333333333 0.9675925925925926 0.7130208333333333 0.9953703703703703 0.7338541666666667 0.9953703703703703
1 0.6692708333333334 0.20925925925925942 0.6567708333333333 0.20925925925925942 0.6567708333333333 0.23148148148148165 0.6692708333333334 0.23148148148148165
1 0.6208333333333333 0.2712962962962964 0.6083333333333333 0.2712962962962964 0.6083333333333333 0.2861111111111112 0.6208333333333333 0.2861111111111112
1 0.5890625 0.24907407407407417 0.5760416666666667 0.24907407407407417 0.5760416666666667 0.26296296296296306 0.5890625 0.26296296296296306
1 0.5776041666666667 0.2175925925925927 0.5640625 0.2175925925925927 0.5640625 0.2351851851851853 0.5776041666666667 0.2351851851851853
1 0.5671875 0.20185185185185195 0.5557291666666667 0.20185185185185195 0.5557291666666667 0.21666666666666679 0.5671875 0.21666666666666679
1 0.5744791666666667 0.15370370370370381 0.5609375 0.15370370370370381 0.5609375 0.1712962962962964 0.5744791666666667 0.1712962962962964
1 0.6041666666666666 0.21018518518518528 0.5927083333333333 0.21018518518518528 0.5927083333333333 0.2287037037037038 0.6041666666666666 0.2287037037037038
1 0.6317708333333333 0.11111111111111124 0.6203125 0.11111111111111124 0.6203125 0.12870370370370385 0.6317708333333333 0.12870370370370385
1 0.6661458333333333 0.10000000000000014 0.65625 0.10000000000000013 0.65625 0.11759259259259273 0.6661458333333333 0.11759259259259275
1 0.73125 0.10833333333333349 0.7192708333333333 0.10833333333333349 0.7192708333333333 0.12500000000000017 0.73125 0.12500000000000017
1 0.7067708333333333 0.059259259259259414 0.6942708333333333 0.059259259259259414 0.6942708333333333 0.08148148148148164 0.7067708333333333 0.08148148148148164
1 0.7197916666666667 1.5546210755842788e-16 0.7083333333333334 1.5421478211485187e-16 0.7083333333333334 0.011111111111111268 0.7197916666666667 0.01111111111111127
1 0.5494791666666666 0.06296296296296308 0.5375 0.06296296296296307 0.5375 0.08518518518518531 0.5494791666666666 0.08518518518518532
1 0.5604166666666667 0.11851851851851862 0.55 0.11851851851851862 0.55 0.1351851851851853 0.5604166666666667 0.1351851851851853
1 0.5864583333333333 0.2861111111111112 0.5755208333333334 0.2861111111111112 0.5755208333333334 0.30462962962962975 0.5864583333333333 0.30462962962962975
1 0.48541666666666666 0.2777777777777779 0.47604166666666664 0.2777777777777779 0.47604166666666664 0.2879629629629631 0.48541666666666666 0.2879629629629631
1 0.4979166666666667 0.2425925925925927 0.4890625 0.2425925925925927 0.4890625 0.25555555555555565 0.4979166666666667 0.25555555555555565
1 0.5270833333333333 0.2925925925925927 0.51875 0.2925925925925927 0.51875 0.3101851851851853 0.5270833333333333 0.3101851851851853
1 0.5385416666666667 0.2500000000000001 0.5307291666666667 0.2500000000000001 0.5307291666666667 0.26574074074074083 0.5385416666666667 0.26574074074074083
1 0.6760416666666667 0.1731481481481483 0.6671875 0.1731481481481483 0.6671875 0.18611111111111128 0.6760416666666667 0.18611111111111128
1 0.6802083333333333 0.14907407407407422 0.6729166666666667 0.14907407407407422 0.6729166666666667 0.16388888888888906 0.6802083333333333 0.16388888888888906