1 0.59375 0.8314814814814817 0.565625 0.8314814814814817 0.565625 0.8750000000000002 0.59375 0.8750000000000002
1 0.596875 0.9703703703703703 0.5760416666666667 0.9703703703703703 0.5760416666666667 1 0.596875 1
1 0.7104166666666667 0.8722222222222225 0.6869791666666667 0.8722222222222225 0.6869791666666667 0.9083333333333335 0.7104166666666667 0.9083333333333335
1 0.7401041666666667 0.8944444444444447 0.7177083333333333 0.8944444444444447 0.7177083333333333 0.9296296296296298 0.7401041666666667 0.9296296296296298
1 0.7369791666666666 0.9925925925925926 0.715625 0.9925925925925926 0.715625 1 0.7369791666666666 1
1 0.765625 0.7638888888888891 0.7338541666666667 0.7638888888888891 0.7338541666666667 0.8074074074074076 0.765625 0.8074074074074076
1 0.6963541666666667 0.6009259259259261 0.6760416666666667 0.6009259259259261 0.6760416666666667 0.6324074074074076 0.6963541666666667 0.6324074074074076
1 0.6984375 0.728703703703704 0.675 0.728703703703704 0.675 0.7592592592592595 0.6984375 0.7592592592592595
1 0.6989583333333333 0.7731481481481484 0.6776041666666667 0.7731481481481484 0.6776041666666667 0.8000000000000002 0.6989583333333333 0.8000000000000002
1 0.5494791666666666 0.6629629629629632 0.5328125 0.6629629629629632 0.5328125 0.6925925925925928 0.5494791666666666 0.6925925925925928
1 0.5442708333333334 0.6435185185185187 0.5317708333333333 0.6435185185185187 0.5317708333333333 0.6620370370370372 0.5442708333333334 0.6620370370370372
1 0.4484375 0.6611111111111111 0.42864583333333334 0.6611111111111111 0.42864583333333334 0.687962962962963 0.4484375 0.687962962962963