1 0.33229166666666665 0.2750000000000001 0.3067708333333333 0.2750000000000001 0.3067708333333333 0.313888888888889 0.33229166666666665 0.313888888888889
1 0.33541666666666664 0.2333333333333334 0.3125 0.2333333333333334 0.3125 0.2712962962962964 0.33541666666666664 0.2712962962962964
1 0.42239583333333336 0.4962962962962963 0.40208333333333335 0.4962962962962963 0.40208333333333335 0.5333333333333333 0.42239583333333336 0.5333333333333333
1 0.6958333333333333 0.5638888888888891 0.6776041666666667 0.5638888888888891 0.6776041666666667 0.6000000000000002 0.6958333333333333 0.6000000000000002
1 0.7182291666666667 0.5805555555555557 0.6984375 0.5805555555555557 0.6984375 0.6166666666666669 0.7182291666666667 0.6166666666666669
1 0.728125 0.5981481481481483 0.709375 0.5981481481481483 0.709375 0.6342592592592595 0.728125 0.6342592592592595
1 0.6921875 0.6611111111111113 0.6776041666666667 0.6611111111111113 0.6776041666666667 0.6842592592592595 0.6921875 0.6842592592592595
1 0.6989583333333333 0.6879629629629632 0.6828125 0.6879629629629632 0.6828125 0.7231481481481483 0.6989583333333333 0.7231481481481483
1 0.709375 0.6703703703703706 0.690625 0.6703703703703706 0.690625 0.7009259259259262 0.709375 0.7009259259259262
1 0.7119791666666667 0.6129629629629632 0.6880208333333333 0.6129629629629632 0.6880208333333333 0.6453703703703706 0.7119791666666667 0.6453703703703706
1 0.690625 0.6166666666666669 0.6703125 0.6166666666666669 0.6703125 0.6546296296296299 0.690625 0.6546296296296299