1 0.6677083333333333 0.7425925925925928 0.6552083333333333 0.7425925925925928 0.6552083333333333 0.7694444444444447 0.6677083333333333 0.7694444444444447
1 0.7088541666666667 0.5972222222222224 0.6973958333333333 0.5972222222222224 0.6973958333333333 0.6138888888888892 0.7088541666666667 0.6138888888888892
1 0.7057291666666666 0.6601851851851854 0.6901041666666666 0.6601851851851854 0.6901041666666666 0.6851851851851853 0.7057291666666666 0.6851851851851853
1 0.6911458333333333 0.6722222222222224 0.6791666666666667 0.6722222222222224 0.6791666666666667 0.6888888888888891 0.6911458333333333 0.6888888888888891
1 0.6276041666666666 0.739814814814815 0.6135416666666667 0.739814814814815 0.6135416666666667 0.7601851851851854 0.6276041666666666 0.7601851851851854
1 0.5994791666666667 0.7509259259259261 0.5864583333333333 0.7509259259259261 0.5864583333333333 0.7712962962962965 0.5994791666666667 0.7712962962962965
1 0.6041666666666666 0.7685185185185187 0.5885416666666666 0.7685185185185187 0.5885416666666666 0.7972222222222224 0.6041666666666666 0.7972222222222224
1 0.6161458333333333 0.7685185185185187 0.6046875 0.7685185185185187 0.6046875 0.7916666666666669 0.6161458333333333 0.7916666666666669
1 0.6151041666666667 0.801851851851852 0.6026041666666667 0.801851851851852 0.6026041666666667 0.8259259259259262 0.6151041666666667 0.8259259259259262
1 0.6020833333333333 0.8037037037037039 0.5916666666666667 0.8037037037037039 0.5916666666666667 0.8212962962962965 0.6020833333333333 0.8212962962962965
1 0.6364583333333333 0.7759259259259261 0.6182291666666667 0.7759259259259261 0.6182291666666667 0.8064814814814817 0.6364583333333333 0.8064814814814817
1 0.6348958333333333 0.8111111111111113 0.6234375 0.8111111111111113 0.6234375 0.8305555555555557 0.6348958333333333 0.8305555555555557
1 0.45833333333333337 0.8592592592592593 0.44583333333333336 0.8592592592592593 0.4458333333333334 0.8824074074074074 0.4583333333333334 0.8824074074074074
1 0.49270833333333336 0.6981481481481483 0.48125 0.6981481481481482 0.48125 0.7194444444444446 0.49270833333333336 0.7194444444444447
1 0.49947916666666664 0.6444444444444447 0.48802083333333335 0.6444444444444447 0.48802083333333335 0.6685185185185187 0.49947916666666664 0.6685185185185187
1 0.6229166666666667 0.35462962962962974 0.6078125 0.35462962962962974 0.6078125 0.3833333333333334 0.6229166666666667 0.3833333333333334
1 0.6421875 0.3675925925925927 0.6307291666666667 0.3675925925925927 0.6307291666666667 0.38796296296296306 0.6421875 0.38796296296296306