1 0.5729166666666666 0.4231481481481483 0.5546875 0.4231481481481483 0.5546875 0.45555555555555566 0.5729166666666666 0.45555555555555566
1 0.5369791666666667 0.2601851851851853 0.5203125 0.2601851851851853 0.5203125 0.28518518518518526 0.5369791666666667 0.28518518518518526
1 0.5364583333333334 0.2935185185185186 0.5171875 0.2935185185185186 0.5171875 0.31666666666666676 0.5364583333333334 0.31666666666666676
1 0.53125 0.3175925925925927 0.5104166666666666 0.3175925925925927 0.5104166666666666 0.3398148148148149 0.53125 0.3398148148148149
1 0.5166666666666667 0.34259259259259267 0.49635416666666665 0.34259259259259267 0.49635416666666665 0.3777777777777779 0.5166666666666667 0.3777777777777779
1 0.36770833333333336 0.3333333333333334 0.3494791666666667 0.3333333333333334 0.3494791666666667 0.35092592592592603 0.36770833333333336 0.35092592592592603
1 0.3625 0.32037037037037047 0.3385416666666667 0.32037037037037047 0.3385416666666667 0.34259259259259267 0.3625 0.34259259259259267
1 0.35520833333333335 0.30092592592592604 0.3390625 0.30092592592592604 0.3390625 0.32314814814814824 0.35520833333333335 0.32314814814814824
1 0.2947916666666667 0.41203703703703715 0.27447916666666666 0.41203703703703715 0.27447916666666666 0.43796296296296305 0.2947916666666667 0.43796296296296305
1 0.2677083333333333 0.5351851851851852 0.2458333333333334 0.5351851851851852 0.2458333333333334 0.5703703703703704 0.2677083333333333 0.5703703703703704
1 0.23593750000000005 0.47685185185185186 0.21875000000000006 0.47685185185185186 0.21875000000000006 0.5101851851851852 0.23593750000000005 0.5101851851851852
1 0.3463541666666667 0.1666666666666667 0.33125 0.1666666666666667 0.33125 0.18333333333333338 0.3463541666666667 0.18333333333333338
1 0.3515625 0.15277777777777782 0.3338541666666667 0.15277777777777782 0.3338541666666667 0.1731481481481482 0.3515625 0.1731481481481482
1 0.38385416666666666 0.03333333333333341 0.36822916666666666 0.03333333333333341 0.36822916666666666 0.05648148148148156 0.38385416666666666 0.05648148148148156
1 0.5171875 0.07685185185185196 0.49895833333333334 0.07685185185185196 0.49895833333333334 0.09907407407407418 0.5171875 0.09907407407407418
1 0.503125 0.08425925925925937 0.48854166666666665 0.08425925925925937 0.48854166666666665 0.11481481481481493 0.503125 0.11481481481481493
1 0.6104166666666667 0.13703703703703718 0.5927083333333333 0.13703703703703715 0.5927083333333333 0.1666666666666668 0.6104166666666667 0.16666666666666682
1 0.6697916666666667 0.47777777777777797 0.646875 0.47777777777777797 0.646875 0.5111111111111113 0.6697916666666667 0.5111111111111113
1 0.70625 0.7555555555555558 0.6854166666666667 0.7555555555555558 0.6854166666666667 0.7916666666666669 0.70625 0.7916666666666669
1 0.6635416666666667 0.702777777777778 0.646875 0.702777777777778 0.646875 0.7231481481481483 0.6635416666666667 0.7231481481481483
1 0.4510416666666668 0.887962962962963 0.43333333333333346 0.887962962962963 0.43333333333333346 0.9092592592592592 0.4510416666666668 0.9092592592592592
1 0.44947916666666676 0.9064814814814814 0.43020833333333347 0.9064814814814814 0.43020833333333347 0.9361111111111111 0.44947916666666676 0.9361111111111111
1 0.496875 0.009259259259259366 0.48489583333333336 0.009259259259259365 0.48489583333333336 0.028703703703703808 0.496875 0.028703703703703808
1 0.503125 0.01851851851851863 0.49322916666666666 0.018518518518518625 0.49322916666666666 0.04074074074074085 0.503125 0.04074074074074085