1 0.7390625 0.5481481481481484 0.71875 0.5481481481481484 0.71875 0.5888888888888891 0.7390625 0.5888888888888891
1 0.7734375 0.552777777777778 0.7484375 0.552777777777778 0.7484375 0.589814814814815 0.7734375 0.589814814814815
1 0.7505208333333333 0.589814814814815 0.7265625 0.589814814814815 0.7265625 0.6296296296296299 0.7505208333333333 0.6296296296296299
1 0.6286458333333333 0.8814814814814816 0.6125 0.8814814814814816 0.6125 0.9240740740740743 0.6286458333333333 0.9240740740740743
1 0.6598958333333333 0.927777777777778 0.6427083333333333 0.927777777777778 0.6427083333333333 0.950925925925926 0.6598958333333333 0.950925925925926
1 0.5848958333333333 0.9120370370370372 0.5692708333333333 0.9120370370370372 0.5692708333333333 0.9481481481481482 0.5848958333333333 0.9481481481481482
1 0.571875 0.9129629629629632 0.5536458333333333 0.9129629629629632 0.5536458333333333 0.9546296296296296 0.571875 0.9546296296296296
1 0.6229166666666667 0.6074074074074076 0.6041666666666666 0.6074074074074076 0.6041666666666666 0.6509259259259261 0.6229166666666667 0.6509259259259261
1 0.6682291666666667 0.4629629629629631 0.6489583333333333 0.4629629629629631 0.6489583333333333 0.5037037037037039 0.6682291666666667 0.5037037037037039
1 0.6661458333333333 0.3972222222222223 0.6479166666666667 0.3972222222222223 0.6479166666666667 0.43055555555555564 0.6661458333333333 0.43055555555555564
1 0.5942708333333333 0.5222222222222225 0.5791666666666667 0.5222222222222225 0.5791666666666667 0.5564814814814817 0.5942708333333333 0.5564814814814817
1 0.5817708333333333 0.5203703703703706 0.5708333333333333 0.5203703703703706 0.5708333333333333 0.5546296296296298 0.5817708333333333 0.5546296296296298
1 0.6015625 0.502777777777778 0.5833333333333334 0.502777777777778 0.5833333333333334 0.5416666666666669 0.6015625 0.5416666666666669
1 0.521875 0.5398148148148151 0.503125 0.5398148148148151 0.503125 0.5768518518518521 0.521875 0.5768518518518521
1 0.5145833333333333 0.5694444444444446 0.4947916666666667 0.5694444444444446 0.4947916666666667 0.603703703703704 0.5145833333333333 0.603703703703704
1 0.43125 0.25092592592592605 0.41875 0.25092592592592605 0.41875 0.2824074074074075 0.43125 0.2824074074074075
1 0.5098958333333333 0.13425925925925936 0.49895833333333334 0.13425925925925936 0.49895833333333334 0.16296296296296306 0.5098958333333333 0.16296296296296306
1 0.48489583333333336 0.32685185185185195 0.4671875 0.32685185185185195 0.4671875 0.35833333333333345 0.48489583333333336 0.35833333333333345
1 0.440625 0.3453703703703705 0.4239583333333333 0.3453703703703705 0.4239583333333333 0.38796296296296306 0.440625 0.38796296296296306
1 0.3807291666666667 0.5638888888888889 0.3609375 0.5638888888888889 0.3609375 0.6083333333333333 0.3807291666666667 0.6083333333333333
1 0.3078125 0.5333333333333333 0.2869791666666667 0.5333333333333333 0.2869791666666667 0.5787037037037037 0.3078125 0.5787037037037037
1 0.27708333333333335 0.5407407407407407 0.25781250000000006 0.5407407407407407 0.25781250000000006 0.5861111111111111 0.27708333333333335 0.5861111111111111
1 0.4166666666666668 0.950925925925926 0.3994791666666668 0.950925925925926 0.3994791666666668 1 0.4166666666666668 1
1 0.4322916666666668 0.962037037037037 0.42031250000000014 0.962037037037037 0.42031250000000014 0.9962962962962963 0.4322916666666668 0.9962962962962963
1 0.22500000000000006 0.8805555555555555 0.19635416666666672 0.8805555555555555 0.19635416666666672 0.9398148148148148 0.22500000000000006 0.9398148148148148