1 0.5291666666666667 0.43981481481481494 0.5130208333333334 0.43981481481481494 0.5130208333333334 0.46574074074074084 0.5291666666666667 0.46574074074074084
1 0.5739583333333333 0.4092592592592594 0.5552083333333333 0.4092592592592594 0.5552083333333333 0.4351851851851853 0.5739583333333333 0.4351851851851853
1 0.5807291666666666 0.3990740740740742 0.5630208333333333 0.3990740740740742 0.5630208333333333 0.426851851851852 0.5807291666666666 0.426851851851852
1 0.5947916666666667 0.3675925925925927 0.5744791666666667 0.3675925925925927 0.5744791666666667 0.3990740740740742 0.5947916666666667 0.3990740740740742
1 0.5807291666666666 0.39074074074074083 0.5604166666666667 0.39074074074074083 0.5604166666666667 0.40555555555555567 0.5807291666666666 0.40555555555555567
1 0.5895833333333333 0.7120370370370372 0.575 0.7120370370370372 0.575 0.7370370370370373 0.5895833333333333 0.7370370370370373
1 0.6020833333333333 0.7064814814814817 0.584375 0.7064814814814817 0.584375 0.7324074074074076 0.6020833333333333 0.7324074074074076
1 0.4859375 0.6777777777777779 0.471875 0.6777777777777778 0.471875 0.7027777777777778 0.4859375 0.702777777777778
1 0.434375 0.2722222222222223 0.415625 0.2722222222222223 0.415625 0.29722222222222233 0.434375 0.29722222222222233
1 0.7520833333333333 0.43333333333333357 0.7333333333333333 0.43333333333333357 0.7333333333333333 0.4638888888888891 0.7520833333333333 0.4638888888888891
1 0.7609375 0.46944444444444466 0.7442708333333333 0.46944444444444466 0.7442708333333333 0.49444444444444463 0.7609375 0.49444444444444463
1 0.7505208333333333 0.4768518518518521 0.7359375 0.4768518518518521 0.7359375 0.4962962962962965 0.7505208333333333 0.4962962962962965
1 0.76875 0.49444444444444463 0.7432291666666667 0.49444444444444463 0.7432291666666667 0.5157407407407409 0.76875 0.5157407407407409
1 0.5645833333333333 0.5166666666666668 0.5479166666666667 0.5166666666666668 0.5479166666666667 0.5509259259259262 0.5645833333333333 0.5509259259259262
1 0.7755208333333333 0.6666666666666669 0.7552083333333334 0.6666666666666669 0.7552083333333334 0.689814814814815 0.7755208333333333 0.689814814814815
1 0.76875 0.6805555555555558 0.7505208333333333 0.6805555555555558 0.7505208333333333 0.7046296296296298 0.76875 0.7046296296296298
1 0.7296875 0.8407407407407409 0.7072916666666667 0.8407407407407409 0.7072916666666667 0.8759259259259261 0.7296875 0.8759259259259261
1 0.6109375 0.8175925925925928 0.5869791666666667 0.8175925925925928 0.5869791666666667 0.8518518518518521 0.6109375 0.8518518518518521
1 0.6020833333333333 0.9064814814814817 0.5859375 0.9064814814814817 0.5859375 0.9361111111111113 0.6020833333333333 0.9361111111111113