1 0.38958333333333334 0.55 0.371875 0.55 0.371875 0.575 0.38958333333333334 0.575
1 0.3890625 0.5185185185185185 0.3729166666666667 0.5185185185185185 0.3729166666666667 0.5425925925925926 0.3890625 0.5425925925925926
1 0.6677083333333333 0.325925925925926 0.6541666666666667 0.325925925925926 0.6541666666666667 0.3537037037037038 0.6677083333333333 0.3537037037037038
1 0.6229166666666667 0.10092592592592606 0.6088541666666667 0.10092592592592606 0.6088541666666667 0.12592592592592608 0.6229166666666667 0.12592592592592608
1 0.6135416666666667 0.10462962962962977 0.6026041666666667 0.10462962962962977 0.6026041666666667 0.1277777777777779 0.6135416666666667 0.12777777777777793
1 0.6755208333333333 0.7185185185185188 0.6640625 0.7185185185185188 0.6640625 0.7462962962962965 0.6755208333333333 0.7462962962962965
1 0.6583333333333333 0.7342592592592595 0.6484375 0.7342592592592595 0.6484375 0.7564814814814816 0.6583333333333333 0.7564814814814816
1 0.6567708333333333 0.7962962962962965 0.6479166666666667 0.7962962962962965 0.6479166666666667 0.8222222222222224 0.6567708333333333 0.8222222222222224
1 0.65 0.7750000000000002 0.6375 0.7750000000000002 0.6375 0.801851851851852 0.65 0.801851851851852
1 0.65 0.815740740740741 0.6359375 0.815740740740741 0.6359375 0.8388888888888891 0.65 0.8388888888888891
1 0.6854166666666667 0.7305555555555557 0.6677083333333333 0.7305555555555557 0.6677083333333333 0.7537037037037039 0.6854166666666667 0.7537037037037039
1 0.6234375 0.023148148148148282 0.6078125 0.02314814814814828 0.6078125 0.050000000000000135 0.6234375 0.050000000000000135