1 0.5390625 0.8462962962962965 0.5239583333333333 0.8462962962962965 0.5239583333333334 0.8796296296296299 0.5390625 0.8796296296296299
1 0.409375 0.7092592592592593 0.39010416666666664 0.7092592592592593 0.39010416666666664 0.7398148148148148 0.409375 0.7398148148148148
1 0.4265625000000001 0.9324074074074075 0.4088541666666668 0.9324074074074075 0.4088541666666668 0.9638888888888889 0.4265625000000001 0.9638888888888889
1 0.3901041666666668 0.9305555555555556 0.3723958333333334 0.9305555555555556 0.3723958333333334 0.962037037037037 0.3901041666666668 0.962037037037037
1 0.36354166666666676 0.9435185185185185 0.34739583333333346 0.9435185185185185 0.34739583333333346 0.9777777777777777 0.36354166666666676 0.9777777777777777
1 0.2270833333333334 0.43703703703703706 0.21250000000000005 0.43703703703703706 0.21250000000000005 0.4666666666666667 0.2270833333333334 0.4666666666666667
1 0.5411458333333333 0.7805555555555558 0.5255208333333333 0.7805555555555558 0.5255208333333333 0.8129629629629632 0.5411458333333333 0.8129629629629632
1 0.5677083333333334 0.8407407407407409 0.55625 0.8407407407407409 0.55625 0.8722222222222225 0.5677083333333334 0.8722222222222225
1 0.5947916666666667 0.8166666666666669 0.58125 0.8166666666666669 0.58125 0.8388888888888891 0.5947916666666667 0.8388888888888891
1 0.59375 0.8083333333333336 0.584375 0.8083333333333336 0.584375 0.827777777777778 0.59375 0.827777777777778
1 0.7255208333333333 0.7879629629629632 0.7166666666666667 0.7879629629629632 0.7166666666666667 0.8138888888888891 0.7255208333333333 0.8138888888888891
1 0.703125 0.6490740740740742 0.6921875 0.6490740740740742 0.6921875 0.6694444444444446 0.703125 0.6694444444444446
1 0.6776041666666667 0.6462962962962965 0.6697916666666667 0.6462962962962965 0.6697916666666667 0.6638888888888891 0.6776041666666667 0.6638888888888891
1 0.6875 0.7037037037037039 0.6796875 0.7037037037037039 0.6796875 0.7240740740740743 0.6875 0.7240740740740743
1 0.7234375 0.6750000000000002 0.7125 0.6750000000000002 0.7125 0.6962962962962965 0.7234375 0.6962962962962965
1 0.7197916666666667 0.627777777777778 0.709375 0.627777777777778 0.709375 0.6481481481481484 0.7197916666666667 0.6481481481481484
1 0.7296875 0.6092592592592595 0.721875 0.6092592592592595 0.721875 0.6296296296296299 0.7296875 0.6296296296296299
1 0.7229166666666667 0.6138888888888892 0.715625 0.6138888888888892 0.715625 0.6296296296296299 0.7229166666666667 0.6296296296296299
1 0.703125 0.48703703703703727 0.6942708333333333 0.48703703703703727 0.6942708333333333 0.5037037037037039 0.703125 0.5037037037037039
1 0.6848958333333334 0.4648148148148149 0.6786458333333333 0.4648148148148149 0.6786458333333333 0.4805555555555558 0.6848958333333334 0.4805555555555558
1 0.7567708333333333 0.6231481481481483 0.7473958333333334 0.6231481481481483 0.7473958333333334 0.6425925925925928 0.7567708333333333 0.6425925925925928
1 0.7755208333333333 0.602777777777778 0.7661458333333333 0.602777777777778 0.7661458333333333 0.6203703703703706 0.7755208333333333 0.6203703703703706
1 0.80625 0.5759259259259262 0.7984375 0.5759259259259262 0.7984375 0.5935185185185188 0.80625 0.5935185185185188
1 0.7828125 0.7296296296296299 0.7713541666666667 0.7296296296296299 0.7713541666666667 0.7490740740740743 0.7828125 0.7490740740740743
1 0.7895833333333333 0.7888888888888891 0.78125 0.7888888888888891 0.78125 0.8083333333333336 0.7895833333333333 0.8083333333333336
1 0.7848958333333333 0.7879629629629632 0.7770833333333333 0.7879629629629632 0.7770833333333333 0.8037037037037039 0.7848958333333333 0.8037037037037039
1 0.7604166666666666 0.8194444444444446 0.7526041666666666 0.8194444444444446 0.7526041666666666 0.8333333333333336 0.7604166666666666 0.8333333333333336
1 0.7880208333333333 0.8888888888888891 0.7807291666666667 0.8888888888888891 0.7807291666666667 0.9083333333333335 0.7880208333333333 0.9083333333333335
1 0.7880208333333333 0.9064814814814817 0.778125 0.9064814814814817 0.778125 0.9240740740740743 0.7880208333333333 0.9240740740740743
1 0.8130208333333333 0.8592592592592595 0.8046875 0.8592592592592595 0.8046875 0.8787037037037039 0.8130208333333333 0.8787037037037039
1 0.7463541666666667 0.8111111111111113 0.7411458333333333 0.8111111111111113 0.7411458333333333 0.8287037037037039 0.7463541666666667 0.8287037037037039
1 0.8651041666666667 0.8287037037037039 0.8578125 0.8287037037037039 0.8578125 0.8453703703703705 0.8651041666666667 0.8453703703703705
1 0.8536458333333333 0.8842592592592595 0.8442708333333333 0.8842592592592595 0.8442708333333333 0.9064814814814817 0.8536458333333333 0.9064814814814817
1 0.9151041666666667 0.8129629629629632 0.9072916666666667 0.8129629629629632 0.9072916666666667 0.8296296296296298 0.9151041666666667 0.8296296296296298
1 0.9213541666666667 0.8111111111111113 0.9130208333333333 0.8111111111111113 0.9130208333333333 0.8268518518518521 0.9213541666666667 0.8268518518518521
1 0.9364583333333333 0.7805555555555558 0.928125 0.7805555555555558 0.928125 0.7990740740740743 0.9364583333333333 0.7990740740740743
1 0.9682291666666667 0.752777777777778 0.9604166666666667 0.752777777777778 0.9604166666666667 0.7685185185185187 0.9682291666666667 0.7685185185185187
1 0.9427083333333334 0.9000000000000002 0.9359375 0.9000000000000002 0.9359375 0.9148148148148151 0.9427083333333334 0.9148148148148151
1 0.95 0.9046296296296299 0.9395833333333333 0.9046296296296299 0.9395833333333333 0.9231481481481484 0.95 0.9231481481481484
1 0.9255208333333333 0.8935185185185187 0.9166666666666666 0.8935185185185187 0.9166666666666666 0.9138888888888891 0.9255208333333333 0.9138888888888891
1 0.9328125 0.8953703703703706 0.9234375 0.8953703703703706 0.9234375 0.9111111111111113 0.9328125 0.9111111111111113
1 0.9453125 0.6592592592592594 0.9390625 0.6592592592592594 0.9390625 0.6750000000000002 0.9453125 0.6750000000000002
1 0.9515625 0.5851851851851854 0.94375 0.5851851851851854 0.94375 0.6000000000000002 0.9515625 0.6000000000000002
1 0.9140625 0.552777777777778 0.9067708333333333 0.552777777777778 0.9067708333333333 0.5694444444444446 0.9140625 0.5694444444444446
1 0.9130208333333333 0.5750000000000002 0.90625 0.5750000000000002 0.90625 0.589814814814815 0.9130208333333333 0.589814814814815
1 0.8864583333333333 0.627777777777778 0.878125 0.627777777777778 0.878125 0.6444444444444447 0.8864583333333333 0.6444444444444447
1 0.03645833333333339 0.9222222222222223 0.014583333333333396 0.9222222222222223 0.014583333333333398 0.962037037037037 0.03645833333333339 0.962037037037037
1 0.27500000000000013 0.9111111111111111 0.25729166666666675 0.9111111111111111 0.25729166666666675 0.9601851851851851 0.27500000000000013 0.9601851851851851
1 0.3359375000000001 0.862037037037037 0.3171875000000001 0.862037037037037 0.3171875000000001 0.9009259259259259 0.3359375000000001 0.9009259259259259
1 0.32708333333333345 0.8870370370370371 0.31145833333333345 0.8870370370370371 0.31145833333333345 0.9277777777777778 0.32708333333333345 0.9277777777777778