1 0.38125 0.49166666666666664 0.3640625 0.49166666666666664 0.3640625 0.5231481481481481 0.38125 0.5231481481481481
1 0.42864583333333334 0.40462962962962973 0.41458333333333336 0.40462962962962973 0.41458333333333336 0.4231481481481483 0.42864583333333334 0.4231481481481483
1 0.42552083333333335 0.4166666666666668 0.4125 0.4166666666666668 0.4125 0.44444444444444453 0.42552083333333335 0.44444444444444453
1 0.35260416666666666 0.18333333333333338 0.3328125 0.18333333333333338 0.3328125 0.2083333333333334 0.35260416666666666 0.2083333333333334
1 0.35885416666666664 0.17222222222222228 0.34427083333333336 0.17222222222222228 0.34427083333333336 0.19722222222222227 0.35885416666666664 0.19722222222222227
1 0.34791666666666665 0.16111111111111118 0.33229166666666665 0.16111111111111118 0.33229166666666665 0.19259259259259265 0.34791666666666665 0.19259259259259265
1 0.33958333333333335 0.17222222222222228 0.3265625 0.17222222222222228 0.3265625 0.2018518518518519 0.33958333333333335 0.2018518518518519
1 0.3338541666666667 0.03703703703703711 0.3171875 0.037037037037037104 0.3171875 0.06111111111111119 0.3338541666666667 0.06111111111111119
1 0.39010416666666664 0.11203703703703712 0.375 0.11203703703703712 0.375 0.14166666666666677 0.39010416666666664 0.14166666666666677
1 0.40677083333333336 0.1250000000000001 0.3921875 0.1250000000000001 0.3921875 0.15092592592592602 0.40677083333333336 0.15092592592592602
1 0.37916666666666665 0.13240740740740747 0.3625 0.13240740740740747 0.3625 0.1583333333333334 0.37916666666666665 0.15833333333333344
1 0.3807291666666667 0.1148148148148149 0.3651041666666667 0.1148148148148149 0.3651041666666667 0.1351851851851853 0.3807291666666667 0.1351851851851853
1 0.5791666666666667 0.40185185185185196 0.5645833333333333 0.40185185185185196 0.5645833333333333 0.4361111111111112 0.5791666666666667 0.4361111111111112
1 0.4473958333333333 0.41574074074074086 0.43125 0.41574074074074086 0.43125 0.438888888888889 0.4473958333333333 0.438888888888889
1 0.43697916666666664 0.44444444444444453 0.4270833333333333 0.44444444444444453 0.4270833333333333 0.4666666666666668 0.43697916666666664 0.4666666666666668
1 0.4359375 0.4583333333333334 0.4239583333333333 0.4583333333333334 0.4239583333333333 0.47962962962962963 0.4359375 0.47962962962962963
1 0.46145833333333336 0.4648148148148149 0.44895833333333335 0.4648148148148149 0.44895833333333335 0.4842592592592593 0.46145833333333336 0.4842592592592593
1 0.4578125 0.5046296296296297 0.44427083333333334 0.5046296296296297 0.44427083333333334 0.5268518518518519 0.4578125 0.5268518518518519
1 0.4666666666666667 0.5055555555555555 0.453125 0.5055555555555555 0.453125 0.5277777777777778 0.4666666666666667 0.5277777777777778
1 0.46145833333333336 0.5203703703703704 0.4515625 0.5203703703703704 0.4515625 0.5398148148148149 0.46145833333333336 0.5398148148148149
1 0.48385416666666664 0.5712962962962964 0.47239583333333335 0.5712962962962963 0.47239583333333335 0.5935185185185187 0.48385416666666664 0.5935185185185188