1 0.5286458333333334 0.7157407407407409 0.5114583333333333 0.7157407407407409 0.5114583333333333 0.7453703703703706 0.5286458333333334 0.7453703703703706
1 0.5083333333333333 0.7111111111111114 0.49322916666666666 0.7111111111111114 0.49322916666666666 0.739814814814815 0.5083333333333333 0.739814814814815
1 0.6421875 0.1694444444444446 0.6276041666666666 0.1694444444444446 0.6276041666666666 0.19537037037037053 0.6421875 0.19537037037037053
1 0.65 0.15555555555555572 0.6354166666666666 0.15555555555555572 0.6354166666666666 0.18055555555555572 0.65 0.18055555555555572
1 0.703125 0.21296296296296313 0.6890625 0.21296296296296313 0.6890625 0.23981481481481493 0.703125 0.23981481481481493
1 0.671875 0.2194444444444446 0.6598958333333333 0.2194444444444446 0.6598958333333333 0.24722222222222232 0.671875 0.24722222222222232
1 0.6875 0.20277777777777795 0.6770833333333334 0.20277777777777795 0.6770833333333334 0.2194444444444446 0.6875 0.2194444444444446
1 0.6869791666666667 0.2194444444444446 0.6729166666666667 0.2194444444444446 0.6729166666666667 0.2462962962962964 0.6869791666666667 0.2462962962962964
1 0.7171875 0.12592592592592608 0.7052083333333333 0.12592592592592608 0.7052083333333333 0.1472222222222224 0.7171875 0.1472222222222224
1 0.7203125 0.07777777777777793 0.70625 0.07777777777777793 0.70625 0.10277777777777794 0.7203125 0.10277777777777794
1 0.28958333333333336 0.30462962962962975 0.27760416666666665 0.30462962962962975 0.27760416666666665 0.3250000000000001 0.28958333333333336 0.3250000000000001