1 0.4244791666666667 0.8240740740740741 0.40989583333333335 0.8240740740740741 0.40989583333333335 0.8537037037037037 0.4244791666666667 0.8537037037037037
1 0.4390625 0.7935185185185185 0.42135416666666664 0.7935185185185185 0.42135416666666664 0.8175925925925925 0.4390625 0.8175925925925925
1 0.42083333333333334 0.7731481481481481 0.40729166666666666 0.7731481481481481 0.40729166666666666 0.7962962962962963 0.42083333333333334 0.7962962962962963
1 0.4390625 0.7620370370370371 0.42604166666666665 0.7620370370370371 0.42604166666666665 0.7870370370370371 0.4390625 0.7870370370370371
1 0.40729166666666666 0.7379629629629629 0.3927083333333333 0.7379629629629629 0.3927083333333333 0.7611111111111111 0.40729166666666666 0.7611111111111111
1 0.3848958333333333 0.7333333333333333 0.37083333333333335 0.7333333333333333 0.37083333333333335 0.7583333333333333 0.3848958333333333 0.7583333333333333
1 0.37395833333333334 0.6888888888888889 0.35989583333333336 0.6888888888888889 0.35989583333333336 0.712037037037037 0.37395833333333334 0.712037037037037
1 0.4942708333333333 0.7537037037037038 0.4786458333333333 0.7537037037037037 0.4786458333333333 0.7879629629629631 0.4942708333333333 0.7879629629629632
1 0.5067708333333333 0.7666666666666668 0.490625 0.7666666666666668 0.490625 0.7944444444444446 0.5067708333333333 0.7944444444444446
1 0.546875 0.6805555555555558 0.5276041666666667 0.6805555555555558 0.5276041666666667 0.7120370370370372 0.546875 0.7120370370370372
1 0.5578125 0.7212962962962965 0.5390625 0.7212962962962965 0.5390625 0.7555555555555558 0.5578125 0.7555555555555558
1 0.6270833333333333 0.7601851851851854 0.6046875 0.7601851851851854 0.6046875 0.7953703703703706 0.6270833333333333 0.7953703703703706