1 0.4296875 0.49074074074074076 0.41510416666666666 0.49074074074074076 0.41510416666666666 0.5175925925925926 0.4296875 0.5175925925925926
1 0.44114583333333335 0.5027777777777778 0.42552083333333335 0.5027777777777778 0.42552083333333335 0.525 0.44114583333333335 0.525
1 0.4375 0.524074074074074 0.42135416666666664 0.524074074074074 0.42135416666666664 0.55 0.4375 0.55
1 0.3932291666666667 0.42407407407407416 0.38177083333333334 0.42407407407407416 0.38177083333333334 0.4500000000000001 0.3932291666666667 0.4500000000000001
1 0.4557291666666667 0.38055555555555565 0.44166666666666665 0.38055555555555565 0.44166666666666665 0.400925925925926 0.4557291666666667 0.400925925925926
1 0.4505208333333333 0.33425925925925937 0.4390625 0.33425925925925937 0.4390625 0.36203703703703716 0.4505208333333333 0.36203703703703716
1 0.4588541666666667 0.3361111111111112 0.4505208333333333 0.3361111111111112 0.4505208333333333 0.3601851851851853 0.4588541666666667 0.3601851851851853
1 0.3541666666666667 0.45185185185185195 0.3421875 0.45185185185185195 0.3421875 0.47962962962962963 0.3541666666666667 0.47962962962962963
1 0.2515625000000001 0.9407407407407408 0.2427083333333334 0.9407407407407408 0.2427083333333334 0.9611111111111111 0.2515625000000001 0.9611111111111111
1 0.28020833333333345 0.9287037037037037 0.2708333333333334 0.9287037037037037 0.2708333333333334 0.9490740740740741 0.28020833333333345 0.9490740740740741
1 0.3385416666666668 0.9305555555555556 0.32656250000000014 0.9305555555555556 0.32656250000000014 0.9546296296296296 0.3385416666666668 0.9546296296296296
1 0.6416666666666667 0.8879629629629632 0.6265625 0.8879629629629632 0.6265625 0.9148148148148151 0.6416666666666667 0.9148148148148151
1 0.6375 0.8712962962962965 0.6255208333333333 0.8712962962962965 0.6255208333333333 0.8925925925925928 0.6375 0.8925925925925928
1 0.8015625 0.6870370370370372 0.7890625 0.6870370370370372 0.7890625 0.7120370370370372 0.8015625 0.7120370370370372
1 0.8515625 0.6935185185185188 0.8416666666666667 0.6935185185185188 0.8416666666666667 0.7166666666666669 0.8515625 0.7166666666666669
1 0.0854166666666667 0.5703703703703704 0.07552083333333336 0.5703703703703704 0.07552083333333336 0.5907407407407408 0.0854166666666667 0.5907407407407408
1 0.057812500000000044 0.587037037037037 0.048958333333333375 0.587037037037037 0.048958333333333375 0.5990740740740741 0.057812500000000044 0.5990740740740741
1 0.03906250000000004 0.5990740740740741 0.03020833333333338 0.5990740740740741 0.03020833333333338 0.6129629629629629 0.03906250000000004 0.6129629629629629
1 0.013541666666666707 0.5907407407407408 0.006770833333333374 0.5907407407407408 0.006770833333333374 0.6037037037037037 0.013541666666666707 0.6037037037037037
1 0.0031250000000000422 0.600925925925926 4.1395613158678764e-17 0.600925925925926 4.18420989708679e-17 0.6138888888888889 0.0031250000000000427 0.6138888888888889
1 0.051562500000000046 0.674074074074074 0.04427083333333338 0.674074074074074 0.04427083333333338 0.6888888888888889 0.051562500000000046 0.6888888888888889
1 0.05364583333333338 0.7157407407407408 0.042708333333333376 0.7157407407407408 0.042708333333333376 0.7314814814814815 0.05364583333333338 0.7314814814814815
1 0.10885416666666672 0.7388888888888889 0.10260416666666673 0.7388888888888889 0.10260416666666673 0.7509259259259259 0.10885416666666672 0.7509259259259259
1 0.1645833333333334 0.5675925925925925 0.15781250000000005 0.5675925925925925 0.15781250000000005 0.5805555555555556 0.1645833333333334 0.5805555555555556
1 0.1833333333333334 0.5861111111111111 0.17812500000000006 0.5861111111111111 0.17812500000000006 0.5990740740740741 0.1833333333333334 0.5990740740740741
1 0.1755208333333334 0.6314814814814815 0.17031250000000006 0.6314814814814815 0.17031250000000006 0.6435185185185185 0.1755208333333334 0.6435185185185185