1 0.4546875 0.7111111111111111 0.44166666666666665 0.7111111111111111 0.44166666666666665 0.7518518518518519 0.4546875 0.7518518518518519
1 0.5828125 0.8509259259259261 0.5729166666666666 0.8509259259259261 0.5729166666666666 0.8796296296296299 0.5828125 0.8796296296296299
1 0.6161458333333333 0.8546296296296299 0.6036458333333333 0.8546296296296299 0.6036458333333333 0.8787037037037039 0.6161458333333333 0.8787037037037039
1 0.621875 0.8268518518518521 0.6119791666666666 0.8268518518518521 0.6119791666666666 0.8481481481481483 0.621875 0.8481481481481483
1 0.6473958333333333 0.8222222222222224 0.6322916666666667 0.8222222222222224 0.6322916666666667 0.8472222222222224 0.6473958333333333 0.8472222222222224
1 0.5875 0.7898148148148151 0.5760416666666667 0.7898148148148151 0.5760416666666667 0.814814814814815 0.5875 0.814814814814815
1 0.4718750000000001 0.9388888888888889 0.45677083333333346 0.9388888888888889 0.45677083333333346 0.9648148148148148 0.4718750000000001 0.9648148148148148
1 0.4375000000000001 0.9407407407407408 0.4229166666666668 0.9407407407407408 0.4229166666666668 0.9675925925925926 0.4375000000000001 0.9675925925925926
1 0.4114583333333334 0.9490740740740741 0.3963541666666668 0.9490740740740741 0.3963541666666668 0.9805555555555555 0.4114583333333334 0.9805555555555555
1 0.3776041666666668 0.875 0.3666666666666668 0.875 0.3666666666666668 0.9027777777777778 0.3776041666666668 0.9027777777777778
1 0.3494791666666668 0.8925925925925926 0.33489583333333345 0.8925925925925926 0.33489583333333345 0.9231481481481482 0.3494791666666668 0.9231481481481482
1 0.32395833333333346 0.9231481481481482 0.30885416666666676 0.9231481481481482 0.30885416666666676 0.9555555555555556 0.32395833333333346 0.9555555555555556
1 0.2760416666666667 0.44814814814814824 0.26510416666666675 0.44814814814814824 0.26510416666666675 0.4685185185185186 0.2760416666666667 0.4685185185185186
1 0.7802083333333333 0.6157407407407409 0.7729166666666667 0.6157407407407409 0.7729166666666667 0.6333333333333335 0.7802083333333333 0.6333333333333335
1 0.7526041666666666 0.4925925925925928 0.7447916666666666 0.4925925925925928 0.7447916666666666 0.5101851851851854 0.7526041666666666 0.5101851851851854
1 0.73125 0.4750000000000002 0.7265625 0.4750000000000002 0.7265625 0.48796296296296315 0.73125 0.48796296296296315
1 0.7265625 0.651851851851852 0.71875 0.651851851851852 0.71875 0.6685185185185187 0.7265625 0.6685185185185187
1 0.7505208333333333 0.6564814814814817 0.7421875 0.6564814814814817 0.7421875 0.6750000000000002 0.7505208333333333 0.6750000000000002
1 0.771875 0.6351851851851854 0.7614583333333333 0.6351851851851854 0.7614583333333333 0.6546296296296299 0.771875 0.6546296296296299
1 0.7723958333333333 0.6842592592592595 0.7635416666666667 0.6842592592592595 0.7635416666666667 0.7055555555555557 0.7723958333333333 0.7055555555555557
1 0.7380208333333333 0.714814814814815 0.7302083333333333 0.714814814814815 0.7302083333333333 0.7314814814814817 0.7380208333333333 0.7314814814814817
1 0.7739583333333333 0.8000000000000002 0.7651041666666667 0.8000000000000002 0.7651041666666667 0.8212962962962965 0.7739583333333333 0.8212962962962965
1 0.8369791666666667 0.7388888888888892 0.8276041666666667 0.7388888888888892 0.8276041666666667 0.7592592592592595 0.8369791666666667 0.7592592592592595
1 0.8416666666666667 0.8009259259259262 0.8348958333333333 0.8009259259259262 0.8348958333333333 0.8194444444444446 0.8416666666666667 0.8194444444444446
1 0.8380208333333333 0.8037037037037039 0.8317708333333333 0.8037037037037039 0.8317708333333333 0.8212962962962965 0.8380208333333333 0.8212962962962965
1 0.7979166666666667 0.8240740740740743 0.790625 0.8240740740740743 0.790625 0.8370370370370372 0.7979166666666667 0.8370370370370372
1 0.8697916666666666 0.8731481481481483 0.8583333333333333 0.8731481481481483 0.8583333333333333 0.8962962962962965 0.8697916666666666 0.8962962962962965
1 0.8416666666666667 0.9046296296296299 0.8328125 0.9046296296296299 0.8328125 0.9212962962962965 0.8416666666666667 0.9212962962962965
1 0.8411458333333334 0.9212962962962965 0.8291666666666667 0.9212962962962965 0.8291666666666667 0.9425925925925928 0.8411458333333334 0.9425925925925928
1 0.921875 0.8407407407407409 0.9140625 0.8407407407407409 0.9140625 0.8564814814814817 0.921875 0.8564814814814817
1 0.9109375 0.9037037037037039 0.9010416666666666 0.9037037037037039 0.9010416666666666 0.9222222222222224 0.9109375 0.9222222222222224
1 0.8598958333333333 0.5833333333333336 0.8520833333333333 0.5833333333333336 0.8520833333333333 0.6046296296296299 0.8598958333333333 0.6046296296296299
1 0.8276041666666667 0.6111111111111113 0.8182291666666667 0.6111111111111113 0.8182291666666667 0.6268518518518521 0.8276041666666667 0.6268518518518521
1 0.8098958333333334 0.6296296296296299 0.8005208333333333 0.6296296296296299 0.8005208333333333 0.6462962962962965 0.8098958333333334 0.6462962962962965
1 0.98125 0.8259259259259262 0.9739583333333334 0.8259259259259262 0.9739583333333334 0.839814814814815 0.98125 0.839814814814815
1 0.975 0.8240740740740743 0.9677083333333333 0.8240740740740743 0.9677083333333333 0.839814814814815 0.975 0.839814814814815
1 0.996875 0.7962962962962965 0.9869791666666666 0.7962962962962965 0.9869791666666666 0.8120370370370372 0.996875 0.8120370370370372
1 0.9864583333333333 0.9092592592592594 0.9776041666666667 0.9092592592592594 0.9776041666666667 0.9314814814814817 0.9864583333333333 0.9314814814814817
1 0.99375 0.9092592592592594 0.9838541666666667 0.9092592592592594 0.9838541666666667 0.9305555555555558 0.99375 0.9305555555555558
1 0.9432291666666667 0.6407407407407409 0.9348958333333334 0.6407407407407409 0.9348958333333334 0.6546296296296299 0.9432291666666667 0.6546296296296299
1 0.9755208333333333 0.5620370370370372 0.9671875 0.5620370370370372 0.9671875 0.5796296296296298 0.9755208333333333 0.5796296296296298
1 0.9401041666666666 0.6685185185185187 0.934375 0.6685185185185187 0.934375 0.6796296296296298 0.9401041666666666 0.6796296296296298
1 0.09375000000000006 0.9092592592592592 0.07656250000000006 0.9092592592592592 0.07656250000000006 0.9555555555555556 0.09375000000000006 0.9555555555555556