1 0.5052083333333334 0.6250000000000002 0.490625 0.6250000000000002 0.490625 0.6509259259259261 0.5052083333333334 0.6509259259259261
1 0.4984375 0.6046296296296299 0.4859375 0.6046296296296299 0.4859375 0.6324074074074076 0.4984375 0.6324074074074076
1 0.4864583333333333 0.6120370370370372 0.471875 0.612037037037037 0.471875 0.639814814814815 0.4864583333333333 0.6398148148148151
1 0.5427083333333333 0.689814814814815 0.5286458333333334 0.689814814814815 0.5286458333333334 0.7101851851851854 0.5427083333333333 0.7101851851851854
1 0.5677083333333334 0.5787037037037039 0.55625 0.5787037037037039 0.55625 0.603703703703704 0.5677083333333334 0.603703703703704
1 0.5932291666666667 0.5879629629629631 0.5776041666666667 0.5879629629629631 0.5776041666666667 0.6083333333333335 0.5932291666666667 0.6083333333333335
1 0.5921875 0.5731481481481484 0.5791666666666667 0.5731481481481484 0.5791666666666667 0.5879629629629631 0.5921875 0.5879629629629631
1 0.5270833333333333 0.7592592592592595 0.5119791666666667 0.7592592592592595 0.5119791666666667 0.7805555555555558 0.5270833333333333 0.7805555555555558
1 0.2520833333333334 0.9425925925925925 0.2411458333333334 0.9425925925925925 0.2411458333333334 0.9574074074074074 0.2520833333333334 0.9574074074074074
1 0.2588541666666667 0.8907407407407407 0.2473958333333334 0.8907407407407407 0.2473958333333334 0.9083333333333333 0.2588541666666667 0.9083333333333333
1 0.25781250000000006 0.787962962962963 0.24427083333333338 0.787962962962963 0.24427083333333338 0.8092592592592592 0.25781250000000006 0.8092592592592592
1 0.28229166666666666 0.24814814814814826 0.26666666666666666 0.24814814814814826 0.26666666666666666 0.2750000000000001 0.28229166666666666 0.2750000000000001
1 0.2911458333333333 0.25555555555555565 0.2791666666666667 0.25555555555555565 0.2791666666666667 0.27685185185185196 0.2911458333333333 0.27685185185185196