1 0.5895833333333333 0.29907407407407416 0.5739583333333333 0.29907407407407416 0.5739583333333333 0.3296296296296297 0.5895833333333333 0.3296296296296297
1 0.5520833333333334 0.676851851851852 0.5390625 0.676851851851852 0.5390625 0.6981481481481484 0.5520833333333334 0.6981481481481484
1 0.39739583333333334 0.7194444444444444 0.3848958333333333 0.7194444444444444 0.3848958333333333 0.7361111111111112 0.39739583333333334 0.7361111111111112
1 0.39895833333333336 0.7388888888888889 0.3875 0.7388888888888889 0.3875 0.7611111111111111 0.39895833333333336 0.7611111111111111
1 0.29270833333333335 0.5888888888888889 0.2786458333333333 0.5888888888888889 0.2786458333333333 0.6111111111111112 0.29270833333333335 0.6111111111111112
1 0.2859375 0.5675925925925925 0.27239583333333334 0.5675925925925925 0.27239583333333334 0.5953703703703703 0.2859375 0.5953703703703703
1 0.3692708333333333 0.18148148148148155 0.3536458333333333 0.18148148148148152 0.3536458333333333 0.20462962962962972 0.3692708333333333 0.20462962962962974
1 0.36041666666666666 0.3037037037037038 0.34739583333333335 0.3037037037037038 0.34739583333333335 0.3250000000000001 0.36041666666666666 0.3250000000000001
1 0.35 0.29907407407407416 0.334375 0.29907407407407416 0.334375 0.32870370370370383 0.35 0.32870370370370383
1 0.3572916666666667 0.2777777777777779 0.3385416666666667 0.2777777777777779 0.3385416666666667 0.29907407407407416 0.3572916666666667 0.29907407407407416
1 0.3463541666666667 0.2564814814814816 0.328125 0.2564814814814816 0.328125 0.27685185185185196 0.3463541666666667 0.27685185185185196
1 0.3692708333333333 0.25462962962962976 0.35625 0.25462962962962976 0.35625 0.2750000000000001 0.3692708333333333 0.2750000000000001
1 0.33125 0.2712962962962964 0.3203125 0.2712962962962964 0.3203125 0.29537037037037045 0.33125 0.29537037037037045
1 0.33177083333333335 0.2916666666666668 0.315625 0.2916666666666668 0.315625 0.31481481481481494 0.33177083333333335 0.31481481481481494
1 0.4166666666666667 0.48333333333333334 0.4046875 0.48333333333333334 0.4046875 0.5064814814814815 0.4166666666666667 0.5064814814814815
1 0.38645833333333335 0.49722222222222223 0.3734375 0.49722222222222223 0.3734375 0.5212962962962963 0.38645833333333335 0.5212962962962963