1 0.34322916666666664 0.5277777777777778 0.32708333333333334 0.5277777777777778 0.32708333333333334 0.5537037037037037 0.34322916666666664 0.5537037037037037
1 0.3671875 0.5324074074074074 0.3536458333333333 0.5324074074074074 0.3536458333333333 0.5675925925925925 0.3671875 0.5675925925925925
1 0.384375 0.5574074074074075 0.3645833333333333 0.5574074074074075 0.3645833333333333 0.5944444444444444 0.384375 0.5944444444444444
1 0.4546875 0.45370370370370383 0.43854166666666666 0.45370370370370383 0.43854166666666666 0.4861111111111111 0.4546875 0.4861111111111111
1 0.4078125 0.812962962962963 0.39479166666666665 0.812962962962963 0.39479166666666665 0.8351851851851851 0.4078125 0.8351851851851851
1 0.415625 0.8351851851851851 0.40260416666666665 0.8351851851851851 0.40260416666666665 0.8546296296296296 0.415625 0.8546296296296296
1 0.40677083333333336 0.8388888888888889 0.39427083333333335 0.8388888888888889 0.39427083333333335 0.8583333333333333 0.40677083333333336 0.8583333333333333
1 0.421875 0.825925925925926 0.4083333333333333 0.825925925925926 0.4083333333333333 0.8453703703703703 0.421875 0.8453703703703703
1 0.3630208333333334 0.837037037037037 0.3515625 0.837037037037037 0.35156250000000006 0.8629629629629629 0.36302083333333346 0.8629629629629629
1 0.359375 0.8296296296296296 0.3489583333333333 0.8296296296296296 0.3489583333333333 0.8490740740740741 0.359375 0.8490740740740741
1 0.33229166666666665 0.7703703703703704 0.31927083333333334 0.7703703703703704 0.31927083333333334 0.7925925925925926 0.33229166666666665 0.7925925925925926
1 0.2588541666666667 0.774074074074074 0.24843750000000006 0.774074074074074 0.24843750000000006 0.7907407407407407 0.2588541666666667 0.7907407407407407
1 0.7416666666666667 0.6824074074074076 0.7260416666666667 0.6824074074074076 0.7260416666666667 0.7240740740740743 0.7416666666666667 0.7240740740740743
1 0.7578125 0.6953703703703705 0.7380208333333333 0.6953703703703705 0.7380208333333333 0.7305555555555557 0.7578125 0.7305555555555557
1 0.3015625 0.562962962962963 0.29010416666666666 0.562962962962963 0.29010416666666666 0.5833333333333334 0.3015625 0.5833333333333334
1 0.30833333333333335 0.5768518518518518 0.29375 0.5768518518518518 0.29375 0.6037037037037037 0.30833333333333335 0.6037037037037037
1 0.2942708333333333 0.587037037037037 0.28125 0.587037037037037 0.28125 0.6092592592592593 0.2942708333333333 0.6092592592592593
1 0.6234375 0.1703703703703705 0.6041666666666666 0.17037037037037048 0.6041666666666666 0.22129629629629644 0.6234375 0.22129629629629646
1 0.4671875 0.29074074074074086 0.4505208333333333 0.29074074074074086 0.4505208333333333 0.32314814814814824 0.4671875 0.32314814814814824
1 0.6015625 0.2750000000000001 0.5869791666666667 0.2750000000000001 0.5869791666666667 0.30555555555555564 0.6015625 0.30555555555555564