1 0.43854166666666666 0.3953703703703705 0.42604166666666665 0.3953703703703705 0.42604166666666665 0.41574074074074086 0.43854166666666666 0.41574074074074086
1 0.4765625 0.24351851851851863 0.46458333333333335 0.24351851851851863 0.46458333333333335 0.2675925925925927 0.4765625 0.2675925925925927
1 0.6078125 0.10370370370370384 0.6 0.10370370370370384 0.6 0.1203703703703705 0.6078125 0.12037037037037053
1 0.615625 0.12129629629629646 0.6067708333333334 0.12129629629629646 0.6067708333333334 0.1370370370370372 0.615625 0.1370370370370372
1 0.6447916666666667 0.0842592592592594 0.6348958333333333 0.0842592592592594 0.6348958333333333 0.10277777777777791 0.6447916666666667 0.10277777777777791
1 0.6401041666666667 0.12870370370370385 0.6276041666666666 0.12870370370370385 0.6276041666666666 0.14259259259259274 0.6401041666666667 0.14259259259259274
1 0.6375 0.1407407407407409 0.6255208333333333 0.1407407407407409 0.6255208333333333 0.1620370370370372 0.6375 0.1620370370370372
1 0.6302083333333334 0.36296296296296304 0.6197916666666666 0.36296296296296304 0.6197916666666666 0.3851851851851853 0.6302083333333334 0.3851851851851853
1 0.7083333333333334 0.4361111111111112 0.696875 0.4361111111111112 0.696875 0.45370370370370383 0.7083333333333334 0.45370370370370383
1 0.7166666666666667 0.4407407407407408 0.7026041666666667 0.4407407407407408 0.7026041666666667 0.46574074074074084 0.7166666666666667 0.46574074074074084
1 0.7229166666666667 0.4601851851851853 0.7098958333333333 0.4601851851851853 0.7098958333333333 0.4851851851851854 0.7229166666666667 0.4851851851851854
1 0.640625 0.5462962962962965 0.6291666666666667 0.5462962962962965 0.6291666666666667 0.5685185185185188 0.640625 0.5685185185185188
1 0.640625 0.6611111111111113 0.6255208333333333 0.6611111111111113 0.6255208333333333 0.6814814814814817 0.640625 0.6814814814814817
1 0.6348958333333333 0.6814814814814817 0.6239583333333333 0.6814814814814817 0.6239583333333333 0.702777777777778 0.6348958333333333 0.702777777777778
1 0.6484375 0.6953703703703705 0.6390625 0.6953703703703705 0.6390625 0.7129629629629631 0.6484375 0.7129629629629631
1 0.6546875 0.676851851851852 0.6432291666666666 0.676851851851852 0.6432291666666666 0.6925925925925928 0.6546875 0.6925925925925928
1 0.6177083333333333 0.7333333333333335 0.6057291666666667 0.7333333333333335 0.6057291666666667 0.7546296296296299 0.6177083333333333 0.7546296296296299
1 0.5755208333333334 0.32314814814814824 0.5625 0.32314814814814824 0.5625 0.3416666666666668 0.5755208333333334 0.3416666666666668
1 0.5822916666666667 0.3472222222222223 0.5692708333333333 0.3472222222222223 0.5692708333333333 0.36666666666666675 0.5822916666666667 0.36666666666666675
1 0.5901041666666667 0.32222222222222235 0.5760416666666667 0.32222222222222235 0.5760416666666667 0.35185185185185197 0.5901041666666667 0.35185185185185197
1 0.5052083333333334 0.5018518518518521 0.49375 0.5018518518518521 0.49375 0.5194444444444447 0.5052083333333334 0.5194444444444447
1 0.5130208333333334 0.5138888888888891 0.5015625 0.5138888888888891 0.5015625 0.5305555555555558 0.5130208333333334 0.5305555555555558
1 0.44479166666666664 0.5777777777777777 0.4328125 0.5777777777777777 0.4328125 0.5990740740740741 0.44479166666666664 0.5990740740740741