1 0.4666666666666667 0.7064814814814815 0.4515625 0.7064814814814815 0.4515625 0.7425925925925926 0.4666666666666667 0.7425925925925926
1 0.43020833333333347 0.9472222222222222 0.41041666666666676 0.9472222222222222 0.41041666666666676 0.9796296296296296 0.43020833333333347 0.9796296296296296
1 0.45156250000000014 0.9333333333333333 0.43802083333333347 0.9333333333333333 0.43802083333333347 0.962037037037037 0.45156250000000014 0.962037037037037
1 0.48281250000000014 0.9324074074074075 0.4713541666666668 0.9324074074074075 0.4713541666666668 0.9583333333333334 0.48281250000000014 0.9583333333333334
1 0.5984375 0.8555555555555557 0.5875 0.8555555555555557 0.5875 0.8796296296296299 0.5984375 0.8796296296296299
1 0.6020833333333333 0.7833333333333335 0.5848958333333333 0.7833333333333335 0.5848958333333333 0.815740740740741 0.6020833333333333 0.815740740740741
1 0.6557291666666667 0.8203703703703705 0.64375 0.8203703703703705 0.64375 0.8425925925925928 0.6557291666666667 0.8425925925925928
1 0.628125 0.8518518518518521 0.6161458333333333 0.8518518518518521 0.6161458333333333 0.8768518518518521 0.628125 0.8768518518518521
1 0.7609375 0.6490740740740742 0.7520833333333333 0.6490740740740742 0.7520833333333333 0.6703703703703706 0.7609375 0.6703703703703706
1 0.7859375 0.6787037037037039 0.775 0.6787037037037039 0.775 0.6962962962962965 0.7859375 0.6962962962962965
1 0.7822916666666667 0.627777777777778 0.771875 0.627777777777778 0.771875 0.651851851851852 0.7822916666666667 0.651851851851852
1 0.7927083333333333 0.6129629629629632 0.7822916666666667 0.6129629629629632 0.7822916666666667 0.6324074074074076 0.7927083333333333 0.6324074074074076
1 0.821875 0.6222222222222225 0.8130208333333333 0.6222222222222225 0.8130208333333333 0.6416666666666668 0.821875 0.6416666666666668
1 0.840625 0.6018518518518521 0.8302083333333333 0.6018518518518521 0.8302083333333333 0.6268518518518521 0.840625 0.6268518518518521
1 0.8546875 0.5824074074074076 0.8473958333333333 0.5824074074074076 0.8473958333333333 0.5981481481481483 0.8546875 0.5981481481481483
1 0.871875 0.5750000000000002 0.8625 0.5750000000000002 0.8625 0.5944444444444447 0.871875 0.5944444444444447
1 0.7369791666666666 0.6444444444444447 0.728125 0.6444444444444447 0.728125 0.665740740740741 0.7369791666666666 0.665740740740741
1 0.7484375 0.7083333333333336 0.7390625 0.7083333333333336 0.7390625 0.7259259259259261 0.7484375 0.7259259259259261
1 0.7864583333333334 0.7944444444444446 0.7765625 0.7944444444444446 0.7765625 0.8138888888888891 0.7864583333333334 0.8138888888888891
1 0.8479166666666667 0.7333333333333335 0.8369791666666667 0.7333333333333335 0.8369791666666667 0.7537037037037039 0.8479166666666667 0.7537037037037039
1 0.8546875 0.7972222222222224 0.8458333333333333 0.7972222222222224 0.8458333333333333 0.8166666666666669 0.8546875 0.8166666666666669
1 0.8505208333333333 0.7962962962962965 0.8416666666666667 0.7962962962962965 0.8416666666666667 0.8138888888888891 0.8505208333333333 0.8138888888888891
1 0.8114583333333333 0.8129629629629632 0.8010416666666667 0.8129629629629632 0.8010416666666667 0.8351851851851854 0.8114583333333333 0.8351851851851854
1 0.8244791666666667 0.8222222222222224 0.8161458333333333 0.8222222222222224 0.8161458333333333 0.839814814814815 0.8244791666666667 0.839814814814815
1 0.8807291666666667 0.8638888888888892 0.8708333333333333 0.8638888888888892 0.8708333333333333 0.8916666666666668 0.8807291666666667 0.8916666666666668
1 0.8541666666666666 0.9000000000000002 0.846875 0.9000000000000002 0.846875 0.9194444444444446 0.8541666666666666 0.9194444444444446
1 0.8526041666666667 0.9129629629629632 0.8421875 0.9129629629629632 0.8421875 0.9305555555555558 0.8526041666666667 0.9305555555555558
1 0.9208333333333333 0.8935185185185187 0.9119791666666667 0.8935185185185187 0.9119791666666667 0.9166666666666669 0.9208333333333333 0.9166666666666669
1 0.934375 0.8333333333333336 0.9255208333333333 0.8333333333333336 0.9255208333333333 0.8509259259259261 0.934375 0.8509259259259261
1 0.10572916666666672 0.9212962962962963 0.08906250000000006 0.9212962962962963 0.08906250000000006 0.9453703703703704 0.10572916666666672 0.9453703703703704
1 0.3385416666666668 0.9231481481481482 0.32447916666666676 0.9231481481481482 0.32447916666666676 0.9546296296296296 0.3385416666666668 0.9546296296296296
1 0.2869791666666667 0.44444444444444453 0.27447916666666666 0.44444444444444453 0.27447916666666666 0.46944444444444455 0.2869791666666667 0.46944444444444455
1 0.9947916666666666 0.815740740740741 0.9854166666666667 0.815740740740741 0.9854166666666667 0.8351851851851854 0.9947916666666666 0.8351851851851854
1 0.9875 0.815740740740741 0.9796875 0.815740740740741 0.9796875 0.8324074074074076 0.9875 0.8324074074074076