1 0.37447916666666664 0.29444444444444456 0.3609375 0.29444444444444456 0.3609375 0.3175925925925927 0.37447916666666664 0.3175925925925927
1 0.34479166666666666 0.26296296296296306 0.33489583333333334 0.26296296296296306 0.33489583333333334 0.28055555555555567 0.34479166666666666 0.28055555555555567
1 0.3885416666666667 0.2750000000000001 0.378125 0.2750000000000001 0.378125 0.29444444444444456 0.3885416666666667 0.29444444444444456
1 0.4005208333333333 0.2462962962962964 0.3848958333333333 0.2462962962962964 0.3848958333333333 0.2675925925925927 0.4005208333333333 0.2675925925925927
1 0.37395833333333334 0.26944444444444454 0.36354166666666665 0.26944444444444454 0.36354166666666665 0.2861111111111112 0.37395833333333334 0.2861111111111112
1 0.46822916666666664 0.2351851851851853 0.45677083333333335 0.2351851851851853 0.45677083333333335 0.26111111111111124 0.46822916666666664 0.26111111111111124
1 0.4635416666666667 0.19444444444444456 0.45208333333333334 0.19444444444444456 0.45208333333333334 0.21944444444444455 0.4635416666666667 0.21944444444444455
1 0.5885416666666666 0.30555555555555564 0.5760416666666667 0.30555555555555564 0.5760416666666667 0.3296296296296297 0.5885416666666666 0.3296296296296297
1 0.5916666666666667 0.2898148148148149 0.5802083333333333 0.2898148148148149 0.5802083333333333 0.30462962962962975 0.5916666666666667 0.30462962962962975
1 0.596875 0.2703703703703705 0.5817708333333333 0.2703703703703705 0.5817708333333333 0.2879629629629631 0.596875 0.2879629629629631
1 0.6 0.2925925925925927 0.590625 0.2925925925925927 0.590625 0.31481481481481494 0.6 0.31481481481481494
1 0.6296875 0.2583333333333334 0.6197916666666666 0.2583333333333334 0.6197916666666666 0.2842592592592594 0.6296875 0.2842592592592594
1 0.628125 0.21481481481481499 0.6166666666666667 0.21481481481481499 0.6166666666666667 0.23796296296296307 0.628125 0.23796296296296307
1 0.6875 0.3101851851851853 0.6755208333333333 0.3101851851851853 0.6755208333333333 0.33055555555555566 0.6875 0.33055555555555566
1 0.6942708333333333 0.3037037037037038 0.684375 0.3037037037037038 0.684375 0.32870370370370383 0.6942708333333333 0.32870370370370383
1 0.6432291666666666 0.2750000000000001 0.6322916666666667 0.2750000000000001 0.6322916666666667 0.29444444444444456 0.6432291666666666 0.29444444444444456
1 0.615625 0.28703703703703715 0.6046875 0.28703703703703715 0.6046875 0.3064814814814816 0.615625 0.3064814814814816
1 0.4359375 0.3250000000000001 0.42604166666666665 0.3250000000000001 0.42604166666666665 0.3453703703703705 0.4359375 0.3453703703703705
1 0.35885416666666664 0.2500000000000001 0.35104166666666664 0.2500000000000001 0.35104166666666664 0.2620370370370371 0.35885416666666664 0.2620370370370371
1 0.34427083333333336 0.23148148148148154 0.33541666666666664 0.23148148148148154 0.33541666666666664 0.25092592592592605 0.34427083333333336 0.25092592592592605