1 0.5453125 0.47592592592592614 0.5270833333333333 0.47592592592592614 0.5270833333333333 0.5111111111111113 0.5453125 0.5111111111111113
1 0.5958333333333333 0.5611111111111113 0.578125 0.5611111111111113 0.578125 0.5981481481481483 0.5958333333333333 0.5981481481481483
1 0.6119791666666666 0.5425925925925928 0.5927083333333333 0.5425925925925928 0.5927083333333333 0.5925925925925928 0.6119791666666666 0.5925925925925928
1 0.6072916666666667 0.5935185185185188 0.5890625 0.5935185185185188 0.5890625 0.6305555555555558 0.6072916666666667 0.6305555555555558
1 0.5125 0.6138888888888892 0.49635416666666665 0.6138888888888892 0.49635416666666665 0.652777777777778 0.5125 0.652777777777778
1 0.475 0.5296296296296297 0.4583333333333333 0.5296296296296297 0.4583333333333333 0.5657407407407408 0.475 0.5657407407407408
1 0.48541666666666666 0.6527777777777779 0.471875 0.6527777777777778 0.471875 0.6879629629629631 0.48541666666666666 0.6879629629629632
1 0.5062500000000001 0.8833333333333335 0.48854166666666676 0.8833333333333335 0.48854166666666676 0.9222222222222224 0.5062500000000001 0.9222222222222224
1 0.5541666666666667 0.9222222222222224 0.5375 0.9222222222222224 0.5375 0.9564814814814815 0.5541666666666667 0.9564814814814815
1 0.4682291666666668 0.9037037037037037 0.45156250000000014 0.9037037037037037 0.45156250000000014 0.9398148148148148 0.4682291666666668 0.9398148148148148
1 0.45364583333333347 0.912962962962963 0.44114583333333346 0.912962962962963 0.44114583333333346 0.9481481481481482 0.45364583333333347 0.9481481481481482
1 0.375 0.5472222222222223 0.3572916666666667 0.5472222222222223 0.3572916666666667 0.587037037037037 0.375 0.587037037037037
1 0.3729166666666667 0.575 0.353125 0.575 0.353125 0.6101851851851852 0.3729166666666667 0.6101851851851852
1 0.30885416666666676 0.9314814814814815 0.29531250000000014 0.9314814814814815 0.29531250000000014 0.9731481481481481 0.30885416666666676 0.9731481481481481
1 0.3260416666666668 0.9425925925925925 0.3093750000000001 0.9425925925925925 0.3093750000000001 0.9805555555555555 0.3260416666666668 0.9805555555555555
1 0.2520833333333334 0.9416666666666667 0.2411458333333334 0.9416666666666667 0.2411458333333334 0.9666666666666667 0.2520833333333334 0.9666666666666667
1 0.2598958333333334 0.5768518518518518 0.23281250000000006 0.5768518518518518 0.23281250000000006 0.6185185185185185 0.2598958333333334 0.6185185185185185
1 0.1822916666666667 0.5462962962962963 0.16718750000000007 0.5462962962962963 0.16718750000000007 0.587037037037037 0.1822916666666667 0.587037037037037
1 0.19218750000000007 0.5472222222222223 0.17812500000000006 0.5472222222222223 0.17812500000000006 0.5814814814814815 0.19218750000000007 0.5814814814814815
1 0.15312500000000007 0.8527777777777777 0.13437500000000005 0.8527777777777777 0.13437500000000005 0.8962962962962963 0.15312500000000007 0.8962962962962963
1 0.3729166666666667 0.3490740740740742 0.3572916666666667 0.3490740740740742 0.3572916666666667 0.38425925925925936 0.3729166666666667 0.38425925925925936
1 0.31354166666666666 0.28333333333333344 0.3020833333333333 0.28333333333333344 0.3020833333333333 0.31481481481481494 0.31354166666666666 0.31481481481481494
1 0.4432291666666667 0.16574074074074086 0.42604166666666665 0.16574074074074086 0.42604166666666665 0.19444444444444456 0.4432291666666667 0.19444444444444456