1 0.6666666666666666 0.8592592592592595 0.6572916666666667 0.8592592592592595 0.6572916666666667 0.877777777777778 0.6666666666666666 0.877777777777778
1 0.6833333333333333 0.926851851851852 0.6770833333333334 0.926851851851852 0.6770833333333334 0.9435185185185188 0.6833333333333333 0.9435185185185188
1 0.6770833333333334 0.8935185185185187 0.6697916666666667 0.8935185185185187 0.6697916666666667 0.9129629629629632 0.6770833333333334 0.9129629629629632
1 0.8265625 0.8842592592592595 0.815625 0.8842592592592595 0.815625 0.9064814814814817 0.8265625 0.9064814814814817
1 0.8067708333333333 0.95 0.7953125 0.95 0.7953125 0.9722222222222222 0.8067708333333333 0.9722222222222222
1 0.8166666666666667 0.9564814814814815 0.8072916666666666 0.9564814814814815 0.8072916666666666 0.9731481481481481 0.8166666666666667 0.9731481481481481
1 0.8942708333333333 0.9129629629629632 0.8859375 0.9129629629629632 0.8859375 0.9351851851851853 0.8942708333333333 0.9351851851851853
1 0.8989583333333333 0.9175925925925928 0.8901041666666667 0.9175925925925928 0.8901041666666667 0.9370370370370372 0.8989583333333333 0.9370370370370372
1 0.9078125 0.9574074074074074 0.8989583333333333 0.9574074074074074 0.8989583333333333 0.9805555555555555 0.9078125 0.9805555555555555
1 0.9145833333333333 0.9685185185185186 0.9036458333333334 0.9685185185185186 0.9036458333333334 0.9888888888888889 0.9145833333333333 0.9888888888888889
1 0.9197916666666667 0.9101851851851854 0.9119791666666667 0.9101851851851854 0.9119791666666667 0.9259259259259262 0.9197916666666667 0.9259259259259262
1 0.9520833333333333 0.9083333333333335 0.940625 0.9083333333333335 0.940625 0.9333333333333336 0.9520833333333333 0.9333333333333336
1 0.9145833333333333 0.739814814814815 0.903125 0.739814814814815 0.903125 0.7620370370370373 0.9145833333333333 0.7620370370370373
1 0.2427083333333334 0.8166666666666667 0.23593750000000005 0.8166666666666667 0.23593750000000005 0.8314814814814815 0.2427083333333334 0.8314814814814815
1 0.2473958333333334 0.8231481481481482 0.24010416666666673 0.8231481481481482 0.24010416666666673 0.837037037037037 0.2473958333333334 0.837037037037037