1 0.6197916666666666 0.8638888888888892 0.6072916666666667 0.8638888888888892 0.6072916666666667 0.8907407407407409 0.6197916666666666 0.8907407407407409
1 0.6291666666666667 0.9166666666666669 0.6177083333333333 0.9166666666666669 0.6177083333333333 0.9351851851851853 0.6291666666666667 0.9351851851851853
1 0.6265625 0.9083333333333335 0.6151041666666667 0.9083333333333335 0.6151041666666667 0.9259259259259262 0.6265625 0.9259259259259262
1 0.634375 0.8675925925925928 0.6265625 0.8675925925925928 0.6265625 0.8824074074074076 0.634375 0.8824074074074076
1 0.6567708333333333 0.8657407407407409 0.6473958333333333 0.8657407407407409 0.6473958333333333 0.8814814814814816 0.6567708333333333 0.8814814814814816
1 0.6385416666666667 0.7231481481481483 0.628125 0.7231481481481483 0.628125 0.7425925925925928 0.6385416666666667 0.7425925925925928
1 0.728125 0.8092592592592595 0.7192708333333333 0.8092592592592595 0.7192708333333333 0.8287037037037039 0.728125 0.8287037037037039
1 0.7682291666666666 0.7870370370370372 0.7588541666666667 0.7870370370370372 0.7588541666666667 0.8046296296296298 0.7682291666666666 0.8046296296296298
1 0.43645833333333334 0.8416666666666667 0.4296875 0.8416666666666667 0.4296875 0.8583333333333333 0.43645833333333334 0.8583333333333333
1 0.4510416666666668 0.9064814814814814 0.4453125000000001 0.9064814814814814 0.4453125000000001 0.9185185185185185 0.4510416666666668 0.9185185185185185
1 0.5494791666666666 0.9111111111111113 0.540625 0.9111111111111113 0.540625 0.9287037037037039 0.5494791666666666 0.9287037037037039
1 0.5578125 0.915740740740741 0.5494791666666666 0.915740740740741 0.5494791666666666 0.9314814814814817 0.5578125 0.9314814814814817
1 0.4463541666666668 0.8787037037037037 0.43958333333333344 0.8787037037037037 0.43958333333333344 0.8907407407407407 0.4463541666666668 0.8907407407407407
1 0.5255208333333333 0.5740740740740743 0.5182291666666666 0.5740740740740743 0.5182291666666666 0.5861111111111114 0.5255208333333333 0.5861111111111114
1 0.565625 0.8555555555555557 0.5578125 0.8555555555555557 0.5578125 0.8731481481481483 0.565625 0.8731481481481483
1 0.9135416666666667 0.6175925925925928 0.9083333333333333 0.6175925925925928 0.9083333333333333 0.6305555555555558 0.9135416666666667 0.6305555555555558
1 0.890625 0.6361111111111113 0.884375 0.6361111111111113 0.884375 0.6490740740740742 0.890625 0.6490740740740742
1 0.8765625 0.651851851851852 0.8692708333333333 0.651851851851852 0.8692708333333333 0.6648148148148151 0.8765625 0.6648148148148151
1 0.8541666666666666 0.6444444444444447 0.8489583333333334 0.6444444444444447 0.8489583333333334 0.6555555555555558 0.8541666666666666 0.6555555555555558
1 0.8479166666666667 0.6564814814814817 0.8401041666666667 0.6564814814814817 0.8401041666666667 0.6712962962962965 0.8479166666666667 0.6712962962962965
1 0.8088541666666667 0.5981481481481483 0.8026041666666667 0.5981481481481483 0.8026041666666667 0.6111111111111113 0.8088541666666667 0.6111111111111113
1 0.8161458333333333 0.6703703703703706 0.809375 0.6703703703703706 0.809375 0.6824074074074076 0.8161458333333333 0.6824074074074076
1 0.8338541666666667 0.6703703703703706 0.8260416666666667 0.6703703703703706 0.8260416666666667 0.6851851851851853 0.8338541666666667 0.6851851851851853
1 0.8520833333333333 0.6916666666666669 0.8453125 0.6916666666666669 0.8453125 0.7046296296296298 0.8520833333333333 0.7046296296296298
1 0.9026041666666667 0.7231481481481483 0.8953125 0.7231481481481483 0.8953125 0.7379629629629632 0.9026041666666667 0.7379629629629632
1 0.9109375 0.7666666666666668 0.9020833333333333 0.7666666666666668 0.9020833333333333 0.7833333333333335 0.9109375 0.7833333333333335
1 0.8598958333333333 0.7675925925925928 0.8510416666666667 0.7675925925925928 0.8510416666666667 0.7842592592592594 0.8598958333333333 0.7842592592592594
1 0.8276041666666667 0.7101851851851854 0.821875 0.7101851851851854 0.821875 0.7250000000000002 0.8276041666666667 0.7250000000000002
1 0.8265625 0.5638888888888891 0.8208333333333333 0.5638888888888891 0.8208333333333333 0.5722222222222224 0.8265625 0.5722222222222224
1 0.8286458333333333 0.6166666666666669 0.8223958333333333 0.6166666666666669 0.8223958333333333 0.6259259259259261 0.8286458333333333 0.6259259259259261
1 0.7255208333333333 0.7657407407407409 0.7171875 0.7657407407407409 0.7171875 0.7851851851851854 0.7255208333333333 0.7851851851851854