1 0.47552083333333345 0.9138888888888889 0.44687500000000013 0.9138888888888889 0.44687500000000013 0.9740740740740741 0.47552083333333345 0.9740740740740741
1 0.5197916666666668 0.8324074074074076 0.49270833333333336 0.8324074074074076 0.4927083333333334 0.9000000000000002 0.5197916666666668 0.9000000000000002
1 0.3515625 0.75 0.321875 0.75 0.321875 0.8009259259259259 0.3515625 0.8009259259259259
1 0.353125 0.774074074074074 0.32864583333333336 0.774074074074074 0.32864583333333336 0.8287037037037037 0.353125 0.8287037037037037
1 0.054166666666666696 0.4203703703703704 0.03437500000000003 0.4203703703703704 0.03437500000000003 0.4601851851851852 0.054166666666666696 0.4601851851851852
1 0.05156250000000003 0.3685185185185185 0.03281250000000002 0.3685185185185185 0.03281250000000003 0.40925925925925927 0.05156250000000003 0.40925925925925927
1 0.09218750000000003 0.3907407407407407 0.0744791666666667 0.3907407407407407 0.0744791666666667 0.44166666666666665 0.09218750000000003 0.44166666666666665
1 0.08906250000000003 0.3675925925925926 0.06354166666666669 0.3675925925925926 0.06354166666666669 0.4074074074074074 0.08906250000000003 0.4074074074074074
1 0.28125 0.007407407407407465 0.24791666666666667 0.00740740740740746 0.24791666666666667 0.0694444444444445 0.28125 0.0694444444444445
1 0.12552083333333336 0.21851851851851856 0.10833333333333336 0.21851851851851853 0.10833333333333336 0.25 0.12552083333333336 0.25
1 0.12447916666666668 0.19074074074074077 0.10416666666666667 0.19074074074074074 0.10416666666666669 0.21944444444444447 0.1244791666666667 0.2194444444444445
1 0.10364583333333334 0.14351851851851852 0.08802083333333334 0.14351851851851852 0.08802083333333334 0.175 0.10364583333333334 0.175
1 0.36875 0.16388888888888897 0.3463541666666667 0.16388888888888895 0.3463541666666667 0.21759259259259267 0.36875 0.2175925925925927
1 0.8348958333333333 0.5194444444444447 0.8005208333333333 0.5194444444444447 0.8005208333333333 0.5888888888888891 0.8348958333333333 0.5888888888888891
1 0.953125 0.4675925925925928 0.9229166666666667 0.4675925925925928 0.9229166666666667 0.5212962962962965 0.953125 0.5212962962962965
1 0.9609375 0.49814814814814834 0.9380208333333333 0.49814814814814834 0.9380208333333333 0.5370370370370372 0.9609375 0.5370370370370372
1 0.9994791666666667 0.5175925925925928 0.9744791666666667 0.5175925925925928 0.9744791666666667 0.5675925925925928 0.9994791666666667 0.5675925925925928
1 0.69375 0.5212962962962965 0.6682291666666667 0.5212962962962965 0.6682291666666667 0.5851851851851854 0.69375 0.5851851851851854
1 0.59375 0.7268518518518521 0.5666666666666667 0.7268518518518521 0.5666666666666667 0.7796296296296299 0.59375 0.7796296296296299