1 0.44166666666666665 0.4611111111111112 0.4109375 0.4611111111111112 0.4109375 0.5148148148148148 0.44166666666666665 0.5148148148148148
1 0.5541666666666667 0.45740740740740754 0.5296875 0.45740740740740754 0.5296875 0.5148148148148151 0.5541666666666667 0.5148148148148151
1 0.5911458333333334 0.490740740740741 0.5682291666666667 0.490740740740741 0.5682291666666667 0.5444444444444446 0.5911458333333334 0.5444444444444446
1 0.6854166666666667 0.45740740740740754 0.6671875 0.45740740740740754 0.6671875 0.49722222222222245 0.6854166666666667 0.49722222222222245
1 0.6979166666666666 0.4824074074074076 0.6828125 0.4824074074074076 0.6828125 0.5212962962962965 0.6979166666666666 0.5212962962962965
1 0.6916666666666667 0.5064814814814816 0.6713541666666667 0.5064814814814816 0.6713541666666667 0.5453703703703706 0.6916666666666667 0.5453703703703706
1 0.6109375 0.17407407407407421 0.5890625 0.1740740740740742 0.5890625 0.22222222222222235 0.6109375 0.22222222222222238
1 0.7140625 0.1583333333333335 0.6979166666666666 0.1583333333333335 0.6979166666666666 0.19259259259259276 0.7140625 0.19259259259259276
1 0.6713541666666667 0.19537037037037053 0.6583333333333333 0.19537037037037053 0.6583333333333333 0.22777777777777794 0.6713541666666667 0.22777777777777794
1 0.5510416666666667 0.8796296296296299 0.5296875000000001 0.8796296296296299 0.5296875000000001 0.9296296296296298 0.5510416666666667 0.9296296296296298
1 0.5692708333333333 0.8888888888888891 0.5510416666666667 0.8888888888888891 0.5510416666666667 0.9342592592592595 0.5692708333333333 0.9342592592592595
1 0.6234375 0.9222222222222224 0.6010416666666667 0.9222222222222224 0.6010416666666667 0.962037037037037 0.6234375 0.962037037037037
1 0.7171875 0.9462962962962965 0.7 0.9462962962962965 0.7 0.9861111111111112 0.7171875 0.9861111111111112
1 0.73125 0.950925925925926 0.7145833333333333 0.950925925925926 0.7145833333333333 0.9888888888888889 0.73125 0.9888888888888889
1 0.534375 0.6953703703703705 0.5098958333333333 0.6953703703703705 0.5098958333333333 0.7407407407407409 0.534375 0.7407407407407409
1 0.47239583333333346 0.9009259259259259 0.44947916666666676 0.9009259259259259 0.44947916666666676 0.937037037037037 0.47239583333333346 0.937037037037037
1 0.1421875 0.3574074074074074 0.12812500000000002 0.3574074074074074 0.12812500000000002 0.38425925925925924 0.1421875 0.38425925925925924
1 0.13489583333333333 0.37222222222222223 0.1151041666666667 0.37222222222222223 0.1151041666666667 0.40555555555555556 0.13489583333333333 0.40555555555555556
1 0.20833333333333334 0.23611111111111116 0.18854166666666666 0.23611111111111116 0.18854166666666666 0.26851851851851855 0.20833333333333334 0.26851851851851855
1 0.2838541666666667 0.3435185185185186 0.26197916666666665 0.3435185185185186 0.26197916666666665 0.38240740740740753 0.2838541666666667 0.38240740740740753
1 0.3666666666666668 0.8648148148148148 0.3463541666666668 0.8648148148148148 0.3463541666666668 0.9157407407407407 0.3666666666666668 0.9157407407407407
1 0.8036458333333333 0.5018518518518521 0.790625 0.5018518518518521 0.790625 0.5305555555555558 0.8036458333333333 0.5305555555555558
1 0.8348958333333333 0.5009259259259261 0.8197916666666667 0.5009259259259261 0.8197916666666667 0.5296296296296299 0.8348958333333333 0.5296296296296299
1 0.8052083333333333 0.5314814814814817 0.7864583333333334 0.5314814814814817 0.7864583333333334 0.5592592592592595 0.8052083333333333 0.5592592592592595
1 0.7927083333333333 0.5129629629629632 0.7817708333333333 0.5129629629629632 0.7817708333333333 0.5351851851851854 0.7927083333333333 0.5351851851851854
1 0.7401041666666667 0.4250000000000002 0.7291666666666666 0.4250000000000002 0.7291666666666666 0.45555555555555577 0.7401041666666667 0.45555555555555577
1 0.6916666666666667 0.814814814814815 0.6833333333333333 0.814814814814815 0.6833333333333333 0.8370370370370372 0.6916666666666667 0.8370370370370372
1 0.6630208333333333 0.8129629629629632 0.6515625 0.8129629629629632 0.6515625 0.8388888888888891 0.6630208333333333 0.8388888888888891
1 0.6526041666666667 0.8203703703703705 0.640625 0.8203703703703705 0.640625 0.8509259259259261 0.6526041666666667 0.8509259259259261
1 0.6125 0.2861111111111112 0.5953125 0.2861111111111112 0.5953125 0.32222222222222235 0.6125 0.32222222222222235