1 0.44635416666666666 0.6361111111111111 0.44114583333333335 0.6361111111111111 0.44114583333333335 0.6472222222222223 0.44635416666666666 0.6472222222222223
1 0.4515625 0.6259259259259259 0.446875 0.6259259259259259 0.446875 0.6361111111111111 0.4515625 0.6361111111111111
1 0.4666666666666667 0.6333333333333333 0.46197916666666666 0.6333333333333333 0.46197916666666666 0.6435185185185185 0.4666666666666667 0.6435185185185185
1 0.4765625 0.6203703703703703 0.47239583333333335 0.6203703703703703 0.47239583333333335 0.6324074074074074 0.4765625 0.6324074074074074
1 0.49375 0.6074074074074076 0.4890625 0.6074074074074076 0.4890625 0.6157407407407409 0.49375 0.6157407407407409
1 0.4786458333333333 0.6935185185185185 0.4739583333333333 0.6935185185185185 0.4739583333333333 0.7037037037037037 0.4786458333333333 0.7037037037037037
1 0.446875 0.6657407407407407 0.4421875 0.6657407407407407 0.4421875 0.675 0.446875 0.675
1 0.44635416666666666 0.7314814814814815 0.4421875 0.7314814814814815 0.4421875 0.7416666666666667 0.44635416666666666 0.7416666666666667
1 0.4786458333333333 0.7277777777777777 0.47552083333333334 0.7277777777777777 0.47552083333333334 0.737037037037037 0.4786458333333333 0.737037037037037
1 0.4817708333333333 0.7287037037037037 0.47760416666666666 0.7287037037037037 0.47760416666666666 0.7388888888888889 0.4817708333333333 0.7388888888888889
1 0.5197916666666667 0.7444444444444447 0.5161458333333333 0.7444444444444447 0.5161458333333333 0.7546296296296299 0.5197916666666667 0.7546296296296299
1 0.5552083333333333 0.714814814814815 0.5520833333333334 0.714814814814815 0.5520833333333334 0.7240740740740743 0.5552083333333333 0.7240740740740743
1 0.5609375 0.6509259259259261 0.5578125 0.6509259259259261 0.5578125 0.6601851851851854 0.5609375 0.6601851851851854
1 0.5604166666666667 0.7842592592592594 0.5557291666666667 0.7842592592592594 0.5557291666666667 0.7916666666666669 0.5604166666666667 0.7916666666666669
1 0.5572916666666666 0.7805555555555558 0.5541666666666667 0.7805555555555558 0.5541666666666667 0.7879629629629632 0.5572916666666666 0.7879629629629632
1 0.4354166666666667 0.65 0.43020833333333336 0.65 0.43020833333333336 0.6592592592592592 0.4354166666666667 0.6592592592592592
1 0.42239583333333336 0.6472222222222223 0.41770833333333335 0.6472222222222223 0.41770833333333335 0.6564814814814814 0.42239583333333336 0.6564814814814814
1 0.428125 0.6814814814814815 0.4234375 0.6814814814814815 0.4234375 0.6925925925925925 0.428125 0.6925925925925925
1 0.3671875 0.7546296296296297 0.36041666666666666 0.7546296296296297 0.36041666666666666 0.7675925925925926 0.3671875 0.7675925925925926
1 0.3338541666666667 0.7361111111111112 0.3255208333333333 0.7361111111111112 0.3255208333333333 0.7527777777777778 0.3338541666666667 0.7527777777777778
1 0.33177083333333335 0.7759259259259259 0.3223958333333333 0.7759259259259259 0.3223958333333333 0.7935185185185185 0.33177083333333335 0.7935185185185185
1 0.35052083333333334 0.774074074074074 0.34322916666666664 0.774074074074074 0.34322916666666664 0.7925925925925926 0.35052083333333334 0.7925925925925926
1 0.8411458333333334 0.47407407407407426 0.8182291666666667 0.47407407407407426 0.8182291666666667 0.5194444444444447 0.8411458333333334 0.5194444444444447
1 0.8510416666666667 0.4851851851851854 0.8348958333333333 0.4851851851851854 0.8348958333333333 0.5166666666666668 0.8510416666666667 0.5166666666666668
1 0.8510416666666667 0.4990740740740743 0.8354166666666667 0.4990740740740743 0.8354166666666667 0.5416666666666669 0.8510416666666667 0.5416666666666669
1 0.7875 0.4037037037037039 0.7640625 0.4037037037037039 0.7640625 0.4388888888888891 0.7875 0.4388888888888891
1 0.7369791666666666 0.451851851851852 0.7203125 0.45185185185185195 0.7203125 0.4851851851851854 0.7369791666666666 0.4851851851851854
1 0.20885416666666673 0.850925925925926 0.19843750000000007 0.850925925925926 0.19843750000000007 0.8768518518518519 0.20885416666666673 0.8768518518518519
1 0.24687500000000007 0.6925925925925925 0.2380208333333334 0.6925925925925925 0.2380208333333334 0.7175925925925926 0.24687500000000007 0.7175925925925926
1 0.2291666666666667 0.8444444444444444 0.22187500000000007 0.8444444444444444 0.22187500000000007 0.862037037037037 0.2291666666666667 0.862037037037037
1 0.25312500000000004 0.8379629629629629 0.24531250000000007 0.8379629629629629 0.24531250000000007 0.8555555555555555 0.25312500000000004 0.8555555555555555
1 0.21666666666666673 0.8981481481481481 0.2067708333333334 0.8981481481481481 0.2067708333333334 0.9175925925925926 0.21666666666666673 0.9175925925925926
1 0.2145833333333334 0.8907407407407407 0.2057291666666667 0.8907407407407407 0.2057291666666667 0.9092592592592592 0.2145833333333334 0.9092592592592592
1 0.1432291666666667 0.8453703703703703 0.13281250000000006 0.8453703703703703 0.13281250000000006 0.8666666666666667 0.1432291666666667 0.8666666666666667
1 0.12500000000000006 0.9194444444444444 0.11510416666666673 0.9194444444444444 0.11510416666666673 0.937962962962963 0.12500000000000006 0.937962962962963
1 0.11718750000000006 0.9111111111111111 0.10312500000000006 0.9111111111111111 0.10312500000000006 0.9388888888888889 0.11718750000000006 0.9388888888888889
1 0.11822916666666669 0.5166666666666667 0.10937500000000003 0.5166666666666667 0.10937500000000003 0.5342592592592592 0.11822916666666669 0.5342592592592592
1 0.6630208333333333 0.9648148148148148 0.6526041666666667 0.9648148148148148 0.6526041666666667 0.9833333333333333 0.6630208333333333 0.9833333333333333
1 0.6822916666666666 0.9481481481481482 0.6723958333333333 0.9481481481481482 0.6723958333333333 0.9694444444444444 0.6822916666666666 0.9694444444444444
1 0.690625 0.9564814814814815 0.6796875 0.9564814814814815 0.6796875 0.9796296296296296 0.690625 0.9796296296296296
1 0.7510416666666667 0.9694444444444444 0.7380208333333333 0.9694444444444444 0.7380208333333333 0.9972222222222222 0.7510416666666667 0.9972222222222222
1 0.8505208333333333 0.2824074074074076 0.8338541666666667 0.2824074074074076 0.8338541666666667 0.3120370370370372 0.8505208333333333 0.3120370370370372
1 0.8604166666666667 0.2787037037037039 0.8479166666666667 0.2787037037037039 0.8479166666666667 0.302777777777778 0.8604166666666667 0.302777777777778
1 0.8119791666666667 0.24722222222222243 0.7963541666666667 0.24722222222222243 0.7963541666666667 0.27592592592592613 0.8119791666666667 0.27592592592592613