1 0.40677083333333336 0.7037037037037037 0.3932291666666667 0.7037037037037037 0.3932291666666667 0.7268518518518519 0.40677083333333336 0.7268518518518519
1 0.3848958333333333 0.7481481481481481 0.3734375 0.7481481481481481 0.3734375 0.7722222222222223 0.3848958333333333 0.7722222222222223
1 0.3802083333333333 0.7907407407407407 0.3692708333333333 0.7907407407407407 0.3692708333333333 0.8111111111111111 0.3802083333333333 0.8111111111111111
1 0.4171875 0.7527777777777778 0.4010416666666667 0.7527777777777778 0.4010416666666667 0.7722222222222223 0.4171875 0.7722222222222223
1 0.428125 0.7194444444444444 0.4078125 0.7194444444444444 0.4078125 0.75 0.428125 0.75
1 0.459375 0.737037037037037 0.4432291666666667 0.737037037037037 0.4432291666666667 0.7675925925925926 0.459375 0.7675925925925926
1 0.46770833333333334 0.7833333333333333 0.45416666666666666 0.7833333333333333 0.45416666666666666 0.8055555555555556 0.46770833333333334 0.8055555555555556
1 0.48854166666666665 0.7657407407407408 0.4739583333333333 0.7657407407407407 0.4739583333333333 0.7916666666666667 0.48854166666666665 0.7916666666666669
1 0.48489583333333336 0.8037037037037038 0.46927083333333336 0.8037037037037037 0.46927083333333336 0.8277777777777778 0.48489583333333336 0.827777777777778
1 0.4723958333333334 0.8324074074074074 0.4557291666666667 0.8324074074074074 0.45572916666666674 0.862037037037037 0.47239583333333346 0.862037037037037
1 0.63125 0.6990740740740743 0.6119791666666666 0.6990740740740743 0.6119791666666666 0.7351851851851854 0.63125 0.7351851851851854
1 0.621875 0.6703703703703706 0.6020833333333333 0.6703703703703706 0.6020833333333333 0.7092592592592595 0.621875 0.7092592592592595
1 0.5614583333333333 0.7509259259259261 0.5484375 0.7509259259259261 0.5484375 0.7814814814814817 0.5614583333333333 0.7814814814814817
1 0.5723958333333333 0.7518518518518521 0.5572916666666666 0.7518518518518521 0.5572916666666666 0.7888888888888891 0.5723958333333333 0.7888888888888891
1 0.4635416666666667 0.44537037037037047 0.44583333333333336 0.44537037037037047 0.44583333333333336 0.4712962962962964 0.4635416666666667 0.4712962962962964
1 0.459375 0.47314814814814826 0.4427083333333333 0.47314814814814826 0.4427083333333333 0.5009259259259259 0.459375 0.5009259259259259
1 0.3020833333333333 0.6851851851851852 0.2890625 0.6851851851851852 0.2890625 0.7074074074074074 0.3020833333333333 0.7074074074074074
1 0.32760416666666664 0.7157407407407408 0.31614583333333335 0.7157407407407408 0.31614583333333335 0.7416666666666667 0.32760416666666664 0.7416666666666667
1 0.31145833333333334 0.6685185185185185 0.2989583333333333 0.6685185185185185 0.2989583333333333 0.687962962962963 0.31145833333333334 0.687962962962963
1 0.32083333333333336 0.7046296296296296 0.3072916666666667 0.7046296296296296 0.3072916666666667 0.7268518518518519 0.32083333333333336 0.7268518518518519
1 0.3109375 0.7092592592592593 0.30104166666666665 0.7092592592592593 0.30104166666666665 0.7277777777777777 0.3109375 0.7277777777777777
1 0.44166666666666665 0.7324074074074074 0.4328125 0.7324074074074074 0.4328125 0.7509259259259259 0.44166666666666665 0.7509259259259259