1 0.30520833333333336 0.43055555555555564 0.2864583333333333 0.43055555555555564 0.2864583333333333 0.4583333333333334 0.30520833333333336 0.4583333333333334
1 0.38229166666666664 0.6620370370370371 0.3651041666666667 0.6620370370370371 0.3651041666666667 0.6962962962962963 0.38229166666666664 0.6962962962962963
1 0.2567708333333334 0.6305555555555555 0.23906250000000007 0.6305555555555555 0.23906250000000007 0.6620370370370371 0.2567708333333334 0.6620370370370371
1 0.2583333333333334 0.6953703703703704 0.24010416666666673 0.6953703703703704 0.24010416666666673 0.7268518518518519 0.2583333333333334 0.7268518518518519
1 0.2505208333333334 0.7425925925925926 0.23125000000000007 0.7425925925925926 0.23125000000000007 0.7712962962962963 0.2505208333333334 0.7712962962962963
1 0.5354166666666667 0.9851851851851852 0.5187500000000002 0.9851851851851852 0.5187500000000002 1 0.5354166666666667 1
1 0.34270833333333334 0.426851851851852 0.32395833333333335 0.426851851851852 0.32395833333333335 0.45555555555555566 0.34270833333333334 0.45555555555555566
1 0.30885416666666665 0.38055555555555565 0.290625 0.38055555555555565 0.290625 0.4000000000000001 0.30885416666666665 0.4000000000000001
1 0.321875 0.3314814814814816 0.309375 0.3314814814814816 0.309375 0.3555555555555557 0.321875 0.3555555555555557
1 0.32708333333333334 0.3333333333333334 0.31614583333333335 0.3333333333333334 0.31614583333333335 0.3500000000000001 0.32708333333333334 0.3500000000000001
1 0.3380208333333333 0.09907407407407415 0.3234375 0.09907407407407415 0.3234375 0.1148148148148149 0.3380208333333333 0.1148148148148149
1 0.4161458333333333 0.138888888888889 0.4046875 0.138888888888889 0.4046875 0.15833333333333344 0.4161458333333333 0.15833333333333344
1 0.41770833333333335 0.18425925925925937 0.4078125 0.18425925925925937 0.4078125 0.19907407407407418 0.41770833333333335 0.19907407407407418
1 0.3859375 0.16666666666666677 0.37395833333333334 0.16666666666666677 0.37395833333333334 0.18055555555555566 0.3859375 0.18055555555555566
1 0.4015625 0.10370370370370378 0.38958333333333334 0.10370370370370378 0.38958333333333334 0.12222222222222233 0.4015625 0.12222222222222233
1 0.428125 0.10925925925925935 0.4166666666666667 0.10925925925925933 0.4166666666666667 0.12777777777777788 0.428125 0.12777777777777788
1 0.43854166666666666 0.09166666666666677 0.4270833333333333 0.09166666666666677 0.4270833333333333 0.10555555555555567 0.43854166666666666 0.10555555555555567
1 0.4359375 0.10370370370370381 0.4270833333333333 0.10370370370370381 0.4270833333333333 0.11666666666666677 0.4359375 0.11666666666666677
1 0.5072916666666667 0.138888888888889 0.4979166666666667 0.138888888888889 0.4979166666666667 0.15462962962962973 0.5072916666666667 0.15462962962962973
1 0.5203125 0.1712962962962964 0.5109375 0.1712962962962964 0.5109375 0.18240740740740752 0.5203125 0.18240740740740752
1 0.43072916666666666 0.04351851851851861 0.4197916666666667 0.04351851851851861 0.4197916666666667 0.06018518518518528 0.43072916666666666 0.06018518518518529
1 0.4421875 0.010185185185185281 0.4322916666666667 0.010185185185185281 0.4322916666666667 0.027777777777777873 0.4421875 0.027777777777777877
1 0.3703125 7.948864872243469e-17 0.35989583333333336 7.835471650100194e-17 0.35989583333333336 0.016666666666666746 0.3703125 0.016666666666666746
1 0.3375 7.257166217169501e-17 0.32916666666666666 7.166451639454882e-17 0.32916666666666666 0.00740740740740748 0.3375 0.00740740740740748
1 0.3203125 0.037037037037037104 0.3125 0.037037037037037104 0.3125 0.05092592592592599 0.3203125 0.05092592592592599
1 0.2713541666666667 5.800063312628437e-17 0.26145833333333335 5.692339751592327e-17 0.26145833333333335 0.005555555555555614 0.2713541666666667 0.005555555555555615
1 0.325 0.06296296296296304 0.3151041666666667 0.06296296296296304 0.3151041666666667 0.07129629629629637 0.325 0.07129629629629637
1 0.2687500000000001 0.9 0.2411458333333334 0.9 0.2411458333333334 0.9324074074074075 0.2687500000000001 0.9324074074074075
1 0.29635416666666664 0.7925925925925926 0.27447916666666666 0.7925925925925926 0.27447916666666666 0.825925925925926 0.29635416666666664 0.825925925925926
1 0.28229166666666666 0.8074074074074075 0.2598958333333334 0.8074074074074075 0.2598958333333334 0.8351851851851851 0.28229166666666666 0.8351851851851851