1 0.6671875 0.2916666666666668 0.6427083333333333 0.2916666666666668 0.6427083333333333 0.3314814814814816 0.6671875 0.3314814814814816
1 0.6557291666666667 0.23981481481481493 0.6395833333333333 0.23981481481481493 0.6395833333333333 0.26574074074074083 0.6557291666666667 0.26574074074074083
1 0.6130208333333333 0.24166666666666678 0.5911458333333334 0.24166666666666678 0.5911458333333334 0.27314814814814825 0.6130208333333333 0.27314814814814825
1 0.628125 0.1879629629629631 0.6140625 0.1879629629629631 0.6140625 0.20925925925925942 0.628125 0.20925925925925942
1 0.6619791666666667 0.22037037037037052 0.6463541666666667 0.22037037037037052 0.6463541666666667 0.2425925925925927 0.6619791666666667 0.2425925925925927
1 0.6494791666666667 0.19907407407407424 0.634375 0.19907407407407424 0.634375 0.21851851851851867 0.6494791666666667 0.21851851851851867
1 0.675 0.21111111111111128 0.6630208333333333 0.21111111111111128 0.6630208333333333 0.2296296296296298 0.675 0.2296296296296298
1 0.6328125 0.2527777777777779 0.6177083333333333 0.2527777777777779 0.6177083333333333 0.28055555555555567 0.6328125 0.28055555555555567
1 0.6489583333333333 0.22314814814814832 0.63125 0.22314814814814832 0.63125 0.25462962962962976 0.6489583333333333 0.25462962962962976
1 0.6125 0.15000000000000016 0.6052083333333333 0.15000000000000016 0.6052083333333333 0.16111111111111126 0.6125 0.16111111111111126
1 0.6927083333333334 0.49444444444444463 0.6776041666666667 0.49444444444444463 0.6776041666666667 0.5185185185185187 0.6927083333333334 0.5185185185185187
1 0.6427083333333333 0.8361111111111114 0.6307291666666667 0.8361111111111114 0.6307291666666667 0.853703703703704 0.6427083333333333 0.853703703703704
1 0.6494791666666667 0.8472222222222224 0.6395833333333333 0.8472222222222224 0.6395833333333333 0.8657407407407409 0.6494791666666667 0.8657407407407409