1 0.6677083333333333 0.2305555555555557 0.6552083333333333 0.2305555555555557 0.6552083333333333 0.2583333333333334 0.6677083333333333 0.2583333333333334
1 0.7088541666666667 0.38611111111111124 0.6973958333333333 0.38611111111111124 0.6973958333333333 0.4027777777777779 0.7088541666666667 0.4027777777777779
1 0.70625 0.31481481481481494 0.690625 0.31481481481481494 0.690625 0.34074074074074084 0.70625 0.34074074074074084
1 0.6916666666666667 0.3111111111111112 0.6796875 0.3111111111111112 0.6796875 0.32870370370370383 0.6916666666666667 0.32870370370370383
1 0.6276041666666666 0.23981481481481493 0.6135416666666667 0.23981481481481493 0.6135416666666667 0.2601851851851853 0.6276041666666666 0.2601851851851853
1 0.6 0.2287037037037038 0.5864583333333333 0.2287037037037038 0.5864583333333333 0.2500000000000001 0.6 0.2500000000000001
1 0.6041666666666666 0.2027777777777779 0.5885416666666666 0.2027777777777779 0.5885416666666666 0.2314814814814816 0.6041666666666666 0.2314814814814816
1 0.6161458333333333 0.20925925925925942 0.6046875 0.20925925925925942 0.6046875 0.23240740740740756 0.6161458333333333 0.23240740740740756
1 0.6151041666666667 0.17407407407407421 0.6026041666666667 0.1740740740740742 0.6026041666666667 0.19814814814814827 0.6151041666666667 0.1981481481481483
1 0.6020833333333333 0.17962962962962972 0.5916666666666667 0.17962962962962972 0.5916666666666667 0.19722222222222233 0.6020833333333333 0.19722222222222233
1 0.6364583333333333 0.19351851851851867 0.6182291666666667 0.19351851851851867 0.6182291666666667 0.22407407407407423 0.6364583333333333 0.22407407407407423
1 0.6348958333333333 0.1694444444444446 0.6234375 0.1694444444444446 0.6234375 0.18888888888888905 0.6348958333333333 0.18888888888888905
1 0.4583333333333333 0.11759259259259269 0.44583333333333336 0.11759259259259269 0.44583333333333336 0.14074074074074083 0.4583333333333333 0.14074074074074083
1 0.49270833333333336 0.2814814814814816 0.4817708333333333 0.2814814814814816 0.4817708333333333 0.301851851851852 0.49270833333333336 0.301851851851852
1 0.49947916666666664 0.3314814814814816 0.48802083333333335 0.3314814814814816 0.48802083333333335 0.3555555555555557 0.49947916666666664 0.3555555555555557
1 0.6234375 0.6175925925925928 0.6078125 0.6175925925925928 0.6078125 0.6453703703703706 0.6234375 0.6453703703703706
1 0.6427083333333333 0.6120370370370373 0.6307291666666667 0.6120370370370373 0.6307291666666667 0.6324074074074076 0.6427083333333333 0.6324074074074076