1 0.5973958333333333 0.47592592592592614 0.5802083333333333 0.47592592592592614 0.5802083333333333 0.5101851851851854 0.5973958333333333 0.5101851851851854
1 0.6552083333333333 0.5731481481481484 0.6390625 0.5731481481481484 0.6390625 0.603703703703704 0.6552083333333333 0.603703703703704
1 0.6833333333333333 0.5490740740740743 0.6614583333333334 0.5490740740740743 0.6614583333333334 0.5916666666666669 0.6833333333333333 0.5916666666666669
1 0.66875 0.5962962962962965 0.6536458333333334 0.5962962962962965 0.6536458333333334 0.6379629629629632 0.66875 0.6379629629629632
1 0.5619791666666667 0.6194444444444447 0.5395833333333333 0.6194444444444447 0.5395833333333333 0.6583333333333335 0.5619791666666667 0.6583333333333335
1 0.5213541666666667 0.5305555555555558 0.50625 0.5305555555555558 0.50625 0.5666666666666669 0.5213541666666667 0.5666666666666669
1 0.5333333333333333 0.5157407407407409 0.5140625 0.5157407407407409 0.5140625 0.551851851851852 0.5333333333333333 0.551851851851852
1 0.4322916666666667 0.5537037037037037 0.41041666666666665 0.5537037037037037 0.41041666666666665 0.5972222222222222 0.4322916666666667 0.5972222222222222
1 0.42864583333333334 0.5814814814814815 0.4041666666666667 0.5814814814814815 0.4041666666666667 0.6203703703703703 0.42864583333333334 0.6203703703703703
1 0.30520833333333336 0.5768518518518518 0.27760416666666665 0.5768518518518518 0.27760416666666665 0.6222222222222222 0.30520833333333336 0.6222222222222222
1 0.22864583333333338 0.5481481481481482 0.20156250000000006 0.5481481481481482 0.20156250000000006 0.5898148148148148 0.22864583333333338 0.5898148148148148
1 0.4713541666666667 0.15092592592592602 0.45625 0.15092592592592602 0.45625 0.17592592592592604 0.4713541666666667 0.17592592592592604
1 0.5619791666666667 0.9000000000000002 0.5390625 0.9000000000000002 0.5390625 0.9388888888888891 0.5619791666666667 0.9388888888888891
1 0.5177083333333334 0.9231481481481484 0.5000000000000001 0.9231481481481484 0.5000000000000001 0.962037037037037 0.5177083333333334 0.962037037037037
1 0.5067708333333335 0.9314814814814816 0.48333333333333345 0.9314814814814815 0.48333333333333345 0.9694444444444444 0.5067708333333335 0.9694444444444444
1 0.3484375000000001 0.9546296296296296 0.33020833333333344 0.9546296296296296 0.33020833333333344 1 0.3484375000000001 1
1 0.36770833333333347 0.9592592592592593 0.34583333333333344 0.9592592592592593 0.34583333333333344 0.9981481481481481 0.36770833333333347 0.9981481481481481
1 0.4203125 0.3398148148148149 0.4 0.3398148148148149 0.4 0.3777777777777779 0.4203125 0.3777777777777779
1 0.5229166666666667 0.6666666666666669 0.5083333333333333 0.6666666666666669 0.5083333333333333 0.6990740740740743 0.5229166666666667 0.6990740740740743
1 0.6005208333333333 0.939814814814815 0.5828125 0.939814814814815 0.5828125 0.9796296296296296 0.6005208333333333 0.9796296296296296
1 0.1802083333333334 0.8740740740740741 0.1510416666666667 0.8740740740740741 0.1510416666666667 0.9277777777777778 0.1802083333333334 0.9277777777777778
1 0.25625000000000003 0.7657407407407407 0.2427083333333334 0.7657407407407407 0.2427083333333334 0.7953703703703704 0.25625000000000003 0.7953703703703704
1 0.2781250000000001 0.9601851851851851 0.2619791666666667 0.9601851851851851 0.2619791666666667 0.9907407407407407 0.2781250000000001 0.9907407407407407
1 0.3572916666666667 0.2703703703703705 0.34375 0.2703703703703705 0.34375 0.3000000000000001 0.3572916666666667 0.3000000000000001