1 0.5682291666666667 0.8055555555555558 0.5541666666666667 0.8055555555555558 0.5541666666666667 0.8314814814814817 0.5682291666666667 0.8314814814814817
1 0.5770833333333333 0.776851851851852 0.5640625 0.776851851851852 0.5640625 0.7972222222222224 0.5770833333333333 0.7972222222222224
1 0.5661458333333333 0.7583333333333335 0.5536458333333333 0.7583333333333335 0.5536458333333333 0.7805555555555558 0.5661458333333333 0.7805555555555558
1 0.5640625 0.7166666666666669 0.5557291666666667 0.7166666666666669 0.5557291666666667 0.7333333333333335 0.5640625 0.7333333333333335
1 0.5614583333333333 0.7268518518518521 0.55 0.7268518518518521 0.55 0.7509259259259261 0.5614583333333333 0.7509259259259261
1 0.5859375 0.7435185185185187 0.5697916666666667 0.7435185185185187 0.5697916666666667 0.7648148148148151 0.5859375 0.7648148148148151
1 0.6473958333333333 0.7138888888888891 0.6359375 0.7138888888888891 0.6359375 0.739814814814815 0.6473958333333333 0.739814814814815
1 0.6578125 0.7203703703703705 0.6453125 0.7203703703703705 0.6453125 0.7425925925925928 0.6578125 0.7425925925925928
1 0.7046875 0.6583333333333335 0.6916666666666667 0.6583333333333335 0.6916666666666667 0.6870370370370372 0.7046875 0.6870370370370372
1 0.7505208333333333 0.6722222222222224 0.7354166666666667 0.6722222222222224 0.7354166666666667 0.702777777777778 0.7505208333333333 0.702777777777778
1 0.5197916666666667 0.7388888888888892 0.5046875 0.7388888888888892 0.5046875 0.7601851851851854 0.5197916666666667 0.7601851851851854
1 0.5125 0.7212962962962965 0.5052083333333334 0.7212962962962965 0.5052083333333334 0.739814814814815 0.5125 0.739814814814815
1 0.5104166666666666 0.6925925925925928 0.4973958333333333 0.6925925925925928 0.4973958333333333 0.7212962962962965 0.5104166666666666 0.7212962962962965
1 0.5286458333333334 0.7064814814814817 0.5135416666666667 0.7064814814814817 0.5135416666666667 0.7314814814814817 0.5286458333333334 0.7314814814814817
1 0.5239583333333333 0.6712962962962965 0.5078125 0.6712962962962965 0.5078125 0.702777777777778 0.5239583333333333 0.702777777777778
1 0.5442708333333334 0.6981481481481484 0.5276041666666667 0.6981481481481484 0.5276041666666667 0.7240740740740743 0.5442708333333334 0.7240740740740743
1 0.5390625 0.7231481481481483 0.5244791666666667 0.7231481481481483 0.5244791666666667 0.7453703703703706 0.5390625 0.7453703703703706
1 0.4171875 0.7518518518518519 0.40520833333333334 0.7518518518518519 0.40520833333333334 0.774074074074074 0.4171875 0.774074074074074
1 0.40989583333333335 0.7962962962962963 0.4005208333333333 0.7962962962962963 0.4005208333333333 0.8148148148148148 0.40989583333333335 0.8148148148148148
1 0.3885416666666667 0.7231481481481481 0.375 0.7231481481481481 0.375 0.75 0.3885416666666667 0.75
1 0.3453125 0.725 0.32760416666666664 0.725 0.32760416666666664 0.7555555555555555 0.3453125 0.7555555555555555
1 0.3234375 0.7 0.3098958333333333 0.7 0.3098958333333333 0.725 0.3234375 0.725
1 0.32083333333333336 0.6787037037037037 0.30833333333333335 0.6787037037037037 0.30833333333333335 0.7037037037037037 0.32083333333333336 0.7037037037037037