1 0.5130208333333334 0.7111111111111114 0.4953125 0.7111111111111114 0.4953125 0.7416666666666669 0.5130208333333334 0.7416666666666669
1 0.45677083333333335 0.6268518518518519 0.44635416666666666 0.6268518518518519 0.44635416666666666 0.6518518518518519 0.45677083333333335 0.6518518518518519
1 0.46875 0.6324074074074074 0.453125 0.6324074074074074 0.453125 0.6555555555555556 0.46875 0.6555555555555556
1 0.3359375 0.762962962962963 0.321875 0.762962962962963 0.321875 0.7981481481481482 0.3359375 0.7981481481481482
1 0.3296875 0.7509259259259259 0.315625 0.7509259259259259 0.315625 0.7768518518518519 0.3296875 0.7768518518518519
1 0.32708333333333334 0.7712962962962963 0.309375 0.7712962962962963 0.309375 0.799074074074074 0.32708333333333334 0.799074074074074
1 0.33229166666666665 0.7851851851851852 0.315625 0.7851851851851852 0.315625 0.8083333333333333 0.33229166666666665 0.8083333333333333
1 0.25312500000000004 0.7962962962962963 0.2395833333333334 0.7962962962962963 0.2395833333333334 0.825925925925926 0.25312500000000004 0.825925925925926
1 0.2984375 0.6962962962962963 0.28177083333333336 0.6962962962962963 0.28177083333333336 0.7231481481481481 0.2984375 0.7231481481481481
1 0.30364583333333334 0.6657407407407407 0.2890625 0.6657407407407407 0.2890625 0.6916666666666667 0.30364583333333334 0.6916666666666667
1 0.3078125 0.7148148148148148 0.29322916666666665 0.7148148148148148 0.29322916666666665 0.7444444444444445 0.3078125 0.7444444444444445
1 0.2947916666666667 0.7129629629629629 0.2833333333333333 0.7129629629629629 0.2833333333333333 0.7407407407407407 0.2947916666666667 0.7407407407407407
1 0.4640625 0.3592592592592594 0.44479166666666664 0.3592592592592594 0.44479166666666664 0.3851851851851853 0.4640625 0.3851851851851853
1 0.465625 0.5935185185185186 0.45260416666666664 0.5935185185185186 0.45260416666666664 0.6222222222222222 0.465625 0.6222222222222222
1 0.48125 0.612037037037037 0.46875 0.612037037037037 0.46875 0.6296296296296297 0.48125 0.6296296296296297
1 0.48854166666666665 0.6148148148148149 0.4765625 0.6148148148148148 0.4765625 0.6361111111111112 0.48854166666666665 0.6361111111111113
1 0.49114583333333334 0.5685185185185186 0.48020833333333335 0.5685185185185185 0.48020833333333335 0.5907407407407409 0.49114583333333334 0.5907407407407409
1 0.5151041666666667 0.5759259259259262 0.5026041666666666 0.5759259259259262 0.5026041666666666 0.6000000000000002 0.5151041666666667 0.6000000000000002
1 0.515625 0.5601851851851853 0.503125 0.5601851851851853 0.503125 0.5842592592592595 0.515625 0.5842592592592595
1 0.5223958333333333 0.5694444444444446 0.5114583333333333 0.5694444444444446 0.5114583333333333 0.5870370370370372 0.5223958333333333 0.5870370370370372
1 0.5526041666666667 0.5287037037037039 0.5401041666666667 0.5287037037037039 0.5401041666666667 0.5490740740740743 0.5526041666666667 0.5490740740740743