1 0.30052083333333335 0.5259259259259259 0.2869791666666667 0.5259259259259259 0.2869791666666667 0.5453703703703704 0.30052083333333335 0.5453703703703704
1 0.28177083333333336 0.5185185185185185 0.27239583333333334 0.5185185185185185 0.27239583333333334 0.5324074074074074 0.28177083333333336 0.5324074074074074
1 0.275 0.5101851851851852 0.26510416666666675 0.5101851851851852 0.26510416666666675 0.5259259259259259 0.275 0.5259259259259259
1 0.3015625 0.5009259259259259 0.29322916666666665 0.5009259259259259 0.29322916666666665 0.5138888888888888 0.3015625 0.5138888888888888
1 0.30520833333333336 0.46203703703703713 0.2947916666666667 0.46203703703703713 0.2947916666666667 0.4787037037037037 0.30520833333333336 0.4787037037037037
1 0.3359375 0.3472222222222223 0.3229166666666667 0.3472222222222223 0.3229166666666667 0.3648148148148149 0.3359375 0.3648148148148149
1 0.33541666666666664 0.3175925925925927 0.32864583333333336 0.3175925925925927 0.32864583333333336 0.325925925925926 0.33541666666666664 0.325925925925926
1 0.34427083333333336 0.3064814814814816 0.3385416666666667 0.3064814814814816 0.3385416666666667 0.31851851851851865 0.34427083333333336 0.31851851851851865
1 0.3458333333333333 0.2824074074074075 0.33697916666666666 0.2824074074074075 0.33697916666666666 0.2981481481481483 0.3458333333333333 0.2981481481481483
1 0.3796875 0.48518518518518516 0.36822916666666666 0.48518518518518516 0.36822916666666666 0.5027777777777778 0.3796875 0.5027777777777778
1 0.3067708333333333 0.6166666666666667 0.29583333333333334 0.6166666666666667 0.29583333333333334 0.6361111111111111 0.3067708333333333 0.6361111111111111
1 0.27447916666666666 0.649074074074074 0.2619791666666667 0.649074074074074 0.2619791666666667 0.6648148148148149 0.27447916666666666 0.6648148148148149
1 0.2713541666666667 0.6333333333333333 0.2614583333333334 0.6333333333333333 0.2614583333333334 0.6537037037037037 0.2713541666666667 0.6537037037037037
1 0.31041666666666673 0.850925925925926 0.2989583333333333 0.850925925925926 0.2989583333333334 0.8666666666666667 0.3104166666666668 0.8666666666666667
1 0.28854166666666664 0.8388888888888889 0.2796875 0.8388888888888889 0.2796875 0.8518518518518519 0.28854166666666664 0.8518518518518519
1 0.2703125 0.8268518518518518 0.26250000000000007 0.8268518518518518 0.26250000000000007 0.8416666666666667 0.2703125 0.8416666666666667
1 0.465625 0.6731481481481482 0.45625 0.6731481481481482 0.45625 0.6888888888888889 0.465625 0.6888888888888889
1 0.35885416666666664 0.14537037037037043 0.35104166666666664 0.14537037037037043 0.35104166666666664 0.15740740740740747 0.35885416666666664 0.15740740740740747
1 0.415625 0.15648148148148158 0.40729166666666666 0.15648148148148158 0.40729166666666666 0.17037037037037048 0.415625 0.17037037037037048
1 0.39791666666666664 0.15277777777777787 0.39010416666666664 0.15277777777777787 0.39010416666666664 0.16574074074074086 0.39791666666666664 0.16574074074074086
1 0.40729166666666666 0.17685185185185195 0.39895833333333336 0.17685185185185195 0.39895833333333336 0.188888888888889 0.40729166666666666 0.188888888888889
1 0.42604166666666665 0.0962962962962964 0.4171875 0.09629629629629638 0.4171875 0.1111111111111112 0.42604166666666665 0.11111111111111122
1 0.41770833333333335 0.1148148148148149 0.41041666666666665 0.1148148148148149 0.41041666666666665 0.12962962962962973 0.41770833333333335 0.12962962962962973
1 0.36041666666666666 0.07685185185185194 0.35260416666666666 0.07685185185185194 0.35260416666666666 0.08981481481481489 0.36041666666666666 0.08981481481481489
1 0.3796875 0.08333333333333341 0.3729166666666667 0.08333333333333341 0.3729166666666667 0.09629629629629638 0.3796875 0.09629629629629638
1 0.334375 0.04259259259259267 0.32760416666666664 0.04259259259259266 0.32760416666666664 0.057407407407407476 0.334375 0.05740740740740748
1 0.3260416666666667 7.030379772882953e-17 0.31979166666666664 6.96234383959699e-17 0.31979166666666664 0.008333333333333404 0.3260416666666667 0.008333333333333406
1 0.4328125 0.06296296296296307 0.4270833333333333 0.06296296296296307 0.4270833333333333 0.07407407407407418 0.4328125 0.07407407407407418
1 0.38697916666666665 0.1898148148148149 0.3807291666666667 0.1898148148148149 0.3807291666666667 0.19907407407407418 0.38697916666666665 0.19907407407407418