1 0.4192708333333333 0.5120370370370371 0.4125 0.5120370370370371 0.4125 0.5203703703703704 0.4192708333333333 0.5203703703703704
1 0.42552083333333335 0.49907407407407406 0.4197916666666667 0.49907407407407406 0.4197916666666667 0.5101851851851852 0.42552083333333335 0.5101851851851852
1 0.42239583333333336 0.4740740740740741 0.4161458333333333 0.4740740740740741 0.4161458333333333 0.48333333333333334 0.42239583333333336 0.48333333333333334
1 0.42916666666666664 0.4564814814814816 0.42239583333333336 0.4564814814814816 0.42239583333333336 0.4648148148148149 0.42916666666666664 0.4648148148148149
1 0.43802083333333336 0.426851851851852 0.43125 0.426851851851852 0.43125 0.4361111111111112 0.43802083333333336 0.4361111111111112
1 0.36770833333333336 0.5083333333333333 0.36041666666666666 0.5083333333333333 0.36041666666666666 0.5185185185185185 0.36770833333333336 0.5185185185185185
1 0.3697916666666667 0.44537037037037047 0.3619791666666667 0.44537037037037047 0.3619791666666667 0.45740740740740754 0.3697916666666667 0.45740740740740754
1 0.3890625 0.44722222222222235 0.3807291666666667 0.44722222222222235 0.3807291666666667 0.4611111111111112 0.3890625 0.4611111111111112
1 0.33177083333333335 0.4490740740740742 0.32395833333333335 0.4490740740740742 0.32395833333333335 0.4611111111111112 0.33177083333333335 0.4611111111111112
1 0.34791666666666665 0.4212962962962964 0.34010416666666665 0.4212962962962964 0.34010416666666665 0.43333333333333346 0.34791666666666665 0.43333333333333346
1 0.33958333333333335 0.38611111111111124 0.3328125 0.38611111111111124 0.3328125 0.39814814814814825 0.33958333333333335 0.39814814814814825
1 0.359375 0.37592592592592605 0.35260416666666666 0.37592592592592605 0.35260416666666666 0.38425925925925936 0.359375 0.38425925925925936
1 0.3375 0.301851851851852 0.32916666666666666 0.301851851851852 0.32916666666666666 0.313888888888889 0.3375 0.313888888888889
1 0.3651041666666667 0.3250000000000001 0.359375 0.3250000000000001 0.359375 0.3379629629629631 0.3651041666666667 0.3379629629629631
1 0.375 0.31203703703703717 0.3703125 0.31203703703703717 0.3703125 0.3212962962962964 0.375 0.3212962962962964
1 0.4125 0.301851851851852 0.40520833333333334 0.301851851851852 0.40520833333333334 0.3111111111111112 0.4125 0.3111111111111112
1 0.4354166666666667 0.2962962962962964 0.42864583333333334 0.2962962962962964 0.42864583333333334 0.3074074074074075 0.4354166666666667 0.3074074074074075
1 0.4140625 0.5305555555555556 0.40677083333333336 0.5305555555555556 0.40677083333333336 0.5407407407407407 0.4140625 0.5407407407407407
1 0.4046875 0.5101851851851852 0.3984375 0.5101851851851852 0.3984375 0.5203703703703704 0.4046875 0.5203703703703704
1 0.39427083333333335 0.5425925925925926 0.3890625 0.5425925925925926 0.3890625 0.5527777777777778 0.39427083333333335 0.5527777777777778
1 0.4140625 0.5527777777777778 0.4083333333333333 0.5527777777777778 0.4083333333333333 0.562962962962963 0.4140625 0.562962962962963
1 0.384375 0.2814814814814816 0.3770833333333333 0.2814814814814816 0.3770833333333333 0.2935185185185186 0.384375 0.2935185185185186
1 0.3536458333333333 0.6444444444444445 0.34375 0.6444444444444445 0.34375 0.6555555555555556 0.3536458333333333 0.6555555555555556
1 0.34322916666666664 0.674074074074074 0.33489583333333334 0.674074074074074 0.33489583333333334 0.6861111111111111 0.34322916666666664 0.6861111111111111
1 0.3416666666666667 0.7055555555555556 0.33125 0.7055555555555556 0.33125 0.7212962962962963 0.3416666666666667 0.7212962962962963
1 0.36614583333333334 0.7037037037037037 0.35625 0.7037037037037037 0.35625 0.7166666666666667 0.36614583333333334 0.7166666666666667
1 0.38541666666666674 0.8490740740740741 0.37552083333333336 0.8490740740740741 0.3755208333333334 0.8666666666666667 0.3854166666666668 0.8666666666666667
1 0.30833333333333335 0.8361111111111111 0.2953125 0.8361111111111111 0.2953125 0.85 0.30833333333333335 0.85
1 0.30312500000000014 0.9064814814814814 0.28958333333333347 0.9064814814814814 0.28958333333333347 0.924074074074074 0.30312500000000014 0.924074074074074
1 0.30677083333333344 0.8768518518518519 0.2968750000000001 0.8768518518518519 0.2968750000000001 0.8870370370370371 0.30677083333333344 0.8870370370370371
1 0.27760416666666676 0.8962962962962963 0.2666666666666668 0.8962962962962963 0.2666666666666668 0.9083333333333333 0.27760416666666676 0.9083333333333333
1 0.28177083333333347 0.899074074074074 0.2682291666666668 0.899074074074074 0.2682291666666668 0.9148148148148149 0.28177083333333347 0.9148148148148149