1 0.4890625 0.29074074074074086 0.475 0.29074074074074086 0.475 0.3157407407407408 0.4890625 0.3157407407407408
1 0.6036458333333333 0.4212962962962964 0.5880208333333333 0.4212962962962964 0.5880208333333333 0.44814814814814824 0.6036458333333333 0.44814814814814824
1 0.6052083333333333 0.43703703703703717 0.5927083333333333 0.43703703703703717 0.5927083333333333 0.4629629629629631 0.6052083333333333 0.4629629629629631
1 0.596875 0.47962962962962985 0.5838541666666667 0.47962962962962985 0.5838541666666667 0.5064814814814816 0.596875 0.5064814814814816
1 0.5135416666666667 0.552777777777778 0.5005208333333333 0.552777777777778 0.5005208333333333 0.5768518518518521 0.5135416666666667 0.5768518518518521
1 0.6385416666666667 0.6935185185185188 0.6229166666666667 0.6935185185185188 0.6229166666666667 0.7250000000000002 0.6385416666666667 0.7250000000000002
1 0.5864583333333333 0.8444444444444447 0.5734375 0.8444444444444447 0.5734375 0.877777777777778 0.5864583333333333 0.877777777777778
1 0.5755208333333334 0.8379629629629631 0.5598958333333334 0.8379629629629631 0.5598958333333334 0.8657407407407409 0.5755208333333334 0.8657407407407409
1 0.48541666666666666 0.5490740740740742 0.4739583333333333 0.549074074074074 0.4739583333333333 0.5666666666666668 0.48541666666666666 0.5666666666666669
1 0.4609375 0.5648148148148148 0.4484375 0.5648148148148148 0.4484375 0.5851851851851851 0.4609375 0.5851851851851851
1 0.4734375 0.5814814814814815 0.46458333333333335 0.5814814814814815 0.46458333333333335 0.6018518518518519 0.4734375 0.6018518518518519
1 0.48072916666666665 0.5824074074074074 0.47239583333333335 0.5824074074074074 0.47239583333333335 0.5990740740740741 0.48072916666666665 0.5990740740740741
1 0.4546875 0.5944444444444444 0.446875 0.5944444444444444 0.446875 0.6129629629629629 0.4546875 0.6129629629629629
1 0.45989583333333334 0.5990740740740741 0.45208333333333334 0.5990740740740741 0.45208333333333334 0.6148148148148148 0.45989583333333334 0.6148148148148148
1 0.46458333333333335 0.5879629629629629 0.4557291666666667 0.5879629629629629 0.4557291666666667 0.6027777777777777 0.46458333333333335 0.6027777777777777
1 0.465625 0.5981481481481481 0.4583333333333333 0.5981481481481481 0.4583333333333333 0.6157407407407407 0.465625 0.6157407407407407
1 0.49270833333333336 0.6694444444444445 0.47760416666666666 0.6694444444444444 0.47760416666666666 0.6972222222222223 0.49270833333333336 0.6972222222222224
1 0.4296875 0.3592592592592594 0.4171875 0.3592592592592594 0.4171875 0.3787037037037038 0.4296875 0.3787037037037038
1 0.31875 0.6111111111111112 0.30885416666666665 0.6111111111111112 0.30885416666666665 0.6277777777777778 0.31875 0.6277777777777778
1 0.3125 0.6342592592592593 0.303125 0.6342592592592593 0.303125 0.6527777777777778 0.3125 0.6527777777777778
1 0.31875 0.6509259259259259 0.3098958333333333 0.6509259259259259 0.3098958333333333 0.6703703703703704 0.31875 0.6703703703703704
1 0.325 0.6453703703703704 0.3145833333333333 0.6453703703703704 0.3145833333333333 0.6620370370370371 0.325 0.6620370370370371
1 0.3307291666666667 0.6972222222222222 0.3229166666666667 0.6972222222222222 0.3229166666666667 0.7148148148148148 0.3307291666666667 0.7148148148148148
1 0.34479166666666666 0.6944444444444444 0.3333333333333333 0.6944444444444444 0.3333333333333333 0.7157407407407408 0.34479166666666666 0.7157407407407408
1 0.34427083333333336 0.7055555555555556 0.3302083333333333 0.7055555555555556 0.3302083333333333 0.7231481481481481 0.34427083333333336 0.7231481481481481
1 0.29375 0.7101851851851851 0.2833333333333333 0.7101851851851851 0.2833333333333333 0.7287037037037037 0.29375 0.7287037037037037
1 0.7197916666666667 0.6472222222222225 0.709375 0.6472222222222225 0.709375 0.6666666666666669 0.7197916666666667 0.6666666666666669
1 0.6677083333333333 0.5675925925925928 0.6552083333333333 0.5675925925925928 0.6552083333333333 0.5944444444444447 0.6677083333333333 0.5944444444444447
1 0.6869791666666667 0.6703703703703706 0.6791666666666667 0.6703703703703706 0.6791666666666667 0.689814814814815 0.6869791666666667 0.689814814814815
1 0.6932291666666667 0.6796296296296298 0.684375 0.6796296296296298 0.684375 0.6990740740740743 0.6932291666666667 0.6990740740740743
1 0.6848958333333334 0.6870370370370372 0.6723958333333333 0.6870370370370372 0.6723958333333333 0.7120370370370372 0.6848958333333334 0.7120370370370372
1 0.6911458333333333 0.7175925925925928 0.6828125 0.7175925925925928 0.6828125 0.7305555555555557 0.6911458333333333 0.7305555555555557
1 0.7026041666666667 0.7111111111111114 0.6927083333333334 0.7111111111111114 0.6927083333333334 0.727777777777778 0.7026041666666667 0.727777777777778
1 0.18229166666666666 0.41759259259259257 0.1765625 0.41759259259259257 0.1765625 0.42962962962962964 0.18229166666666666 0.42962962962962964
1 0.17239583333333333 0.40925925925925927 0.16770833333333332 0.40925925925925927 0.16770833333333332 0.41944444444444445 0.17239583333333333 0.41944444444444445
1 0.18437500000000007 0.49074074074074076 0.1786458333333334 0.49074074074074076 0.1786458333333334 0.49907407407407406 0.18437500000000007 0.49907407407407406