1 0.21093750000000006 0.6953703703703704 0.20312500000000006 0.6953703703703704 0.20312500000000006 0.7148148148148148 0.21093750000000006 0.7148148148148148
1 0.30104166666666665 0.774074074074074 0.2916666666666667 0.774074074074074 0.2916666666666667 0.7953703703703704 0.30104166666666665 0.7953703703703704
1 0.31927083333333334 0.7722222222222223 0.31302083333333336 0.7722222222222223 0.31302083333333336 0.787962962962963 0.31927083333333334 0.787962962962963
1 0.33645833333333336 0.7537037037037037 0.3296875 0.7537037037037037 0.3296875 0.7675925925925926 0.33645833333333336 0.7675925925925926
1 0.2177083333333334 0.8425925925925926 0.20781250000000007 0.8425925925925926 0.20781250000000007 0.8592592592592593 0.2177083333333334 0.8592592592592593
1 0.19166666666666674 0.850925925925926 0.18541666666666673 0.850925925925926 0.18541666666666673 0.8629629629629629 0.19166666666666674 0.8629629629629629
1 0.17812500000000006 0.8953703703703704 0.16822916666666674 0.8953703703703704 0.16822916666666674 0.9212962962962963 0.17812500000000006 0.9212962962962963
1 0.1723958333333334 0.8555555555555555 0.1614583333333334 0.8555555555555555 0.1614583333333334 0.8787037037037037 0.1723958333333334 0.8787037037037037
1 0.18125000000000005 0.8944444444444445 0.16614583333333338 0.8944444444444445 0.16614583333333338 0.9120370370370371 0.18125000000000005 0.9120370370370371
1 0.4661458333333333 0.6046296296296296 0.46041666666666664 0.6046296296296296 0.46041666666666664 0.6157407407407407 0.4661458333333333 0.6157407407407407
1 0.44947916666666665 0.6194444444444445 0.44375 0.6194444444444445 0.44375 0.6296296296296297 0.44947916666666665 0.6296296296296297
1 0.43854166666666666 0.6305555555555555 0.43385416666666665 0.6305555555555555 0.43385416666666665 0.6416666666666667 0.43854166666666666 0.6416666666666667
1 0.4239583333333333 0.6259259259259259 0.41875 0.6259259259259259 0.41875 0.6351851851851852 0.4239583333333333 0.6351851851851852
1 0.41822916666666665 0.6333333333333333 0.4125 0.6333333333333333 0.4125 0.6462962962962963 0.41822916666666665 0.6462962962962963
1 0.4078125 0.6453703703703704 0.4005208333333333 0.6453703703703704 0.4005208333333333 0.6564814814814814 0.4078125 0.6564814814814814
1 0.4192708333333333 0.6611111111111111 0.41354166666666664 0.6611111111111111 0.41354166666666664 0.6731481481481482 0.4192708333333333 0.6731481481481482
1 0.4005208333333333 0.6805555555555556 0.39427083333333335 0.6805555555555556 0.39427083333333335 0.6898148148148148 0.4005208333333333 0.6898148148148148
1 0.41875 0.7287037037037037 0.41302083333333334 0.7287037037037037 0.41302083333333334 0.7416666666666667 0.41875 0.7416666666666667
1 0.4510416666666667 0.6888888888888889 0.44635416666666666 0.6888888888888889 0.44635416666666666 0.700925925925926 0.4510416666666667 0.700925925925926
1 0.453125 0.7240740740740741 0.4473958333333333 0.7240740740740741 0.4473958333333333 0.737037037037037 0.453125 0.737037037037037
1 0.46458333333333335 0.762962962962963 0.459375 0.762962962962963 0.459375 0.7759259259259259 0.46458333333333335 0.7759259259259259
1 0.4505208333333333 0.7888888888888889 0.4453125 0.7888888888888889 0.4453125 0.8 0.4505208333333333 0.8
1 0.49270833333333336 0.7416666666666669 0.48854166666666665 0.7416666666666669 0.48854166666666665 0.7546296296296299 0.49270833333333336 0.7546296296296299
1 0.4859375 0.7740740740740741 0.48125 0.774074074074074 0.48125 0.7879629629629631 0.4859375 0.7879629629629632
1 0.5208333333333334 0.5935185185185188 0.5161458333333333 0.5935185185185188 0.5161458333333333 0.602777777777778 0.5208333333333334 0.602777777777778
1 0.5375 0.6083333333333335 0.5328125 0.6083333333333335 0.5328125 0.6194444444444447 0.5375 0.6194444444444447
1 0.53125 0.7796296296296299 0.5260416666666666 0.7796296296296299 0.5260416666666666 0.7898148148148151 0.53125 0.7898148148148151
1 0.5239583333333333 0.7750000000000002 0.51875 0.7750000000000002 0.51875 0.7851851851851854 0.5239583333333333 0.7851851851851854
1 0.528125 0.7120370370370372 0.5234375 0.7120370370370372 0.5234375 0.7222222222222224 0.528125 0.7222222222222224
1 0.5203125 0.7305555555555557 0.5135416666666667 0.7305555555555557 0.5135416666666667 0.7416666666666669 0.5203125 0.7416666666666669
1 0.8151041666666666 0.28703703703703726 0.796875 0.28703703703703726 0.796875 0.31851851851851876 0.8151041666666666 0.31851851851851876
1 0.78125 0.25555555555555576 0.7630208333333334 0.25555555555555576 0.7630208333333334 0.28333333333333355 0.78125 0.28333333333333355
1 0.7520833333333333 0.4092592592592595 0.7369791666666666 0.4092592592592595 0.7369791666666666 0.4453703703703706 0.7520833333333333 0.4453703703703706
1 0.8005208333333333 0.4750000000000002 0.7838541666666666 0.4750000000000002 0.7838541666666666 0.5120370370370373 0.8005208333333333 0.5120370370370373
1 0.8171875 0.48981481481481504 0.8 0.48981481481481504 0.8 0.5129629629629632 0.8171875 0.5129629629629632
1 0.8171875 0.5212962962962965 0.7979166666666667 0.5212962962962965 0.7979166666666667 0.5435185185185187 0.8171875 0.5435185185185187
1 0.703125 0.4527777777777779 0.6880208333333333 0.4527777777777779 0.6880208333333333 0.48333333333333356 0.703125 0.48333333333333356
1 0.8229166666666666 0.3379629629629632 0.8083333333333333 0.3379629629629632 0.8083333333333333 0.36666666666666686 0.8229166666666666 0.36666666666666686
1 0.10260416666666673 0.8472222222222222 0.08854166666666673 0.8472222222222222 0.08854166666666673 0.8703703703703703 0.10260416666666673 0.8703703703703703
1 0.0723958333333334 0.9212962962962963 0.05937500000000006 0.9212962962962963 0.05937500000000006 0.9462962962962963 0.0723958333333334 0.9462962962962963
1 0.08229166666666672 0.9231481481481482 0.06979166666666672 0.9231481481481482 0.06979166666666672 0.9481481481481482 0.08229166666666672 0.9481481481481482