1 0.6130208333333333 0.34074074074074084 0.5958333333333333 0.34074074074074084 0.5958333333333333 0.36851851851851863 0.6130208333333333 0.36851851851851863
1 0.4005208333333333 0.4074074074074075 0.3885416666666667 0.4074074074074075 0.3885416666666667 0.4314814814814816 0.4005208333333333 0.4314814814814816
1 0.3765625 0.6833333333333333 0.3671875 0.6833333333333333 0.3671875 0.7046296296296296 0.3765625 0.7046296296296296
1 0.36614583333333334 0.6805555555555556 0.3536458333333333 0.6805555555555556 0.3536458333333333 0.700925925925926 0.36614583333333334 0.700925925925926
1 0.4500000000000001 0.8685185185185185 0.4375000000000001 0.8685185185185185 0.4375000000000001 0.8944444444444445 0.4500000000000001 0.8944444444444445
1 0.46250000000000013 0.8805555555555555 0.44687500000000013 0.8805555555555555 0.44687500000000013 0.9046296296296297 0.46250000000000013 0.9046296296296297
1 0.6791666666666667 0.7333333333333335 0.6661458333333333 0.7333333333333335 0.6661458333333333 0.7611111111111113 0.6791666666666667 0.7611111111111113
1 0.6104166666666667 0.7481481481481483 0.5989583333333334 0.7481481481481483 0.5989583333333334 0.7722222222222225 0.6104166666666667 0.7722222222222225
1 0.6135416666666667 0.7666666666666668 0.5963541666666666 0.7666666666666668 0.5963541666666666 0.7944444444444446 0.6135416666666667 0.7944444444444446
1 0.625 0.7537037037037039 0.6130208333333333 0.7537037037037039 0.6130208333333333 0.7870370370370372 0.625 0.7870370370370372
1 0.6369791666666667 0.7731481481481484 0.6255208333333333 0.7731481481481484 0.6255208333333333 0.8055555555555558 0.6369791666666667 0.8055555555555558
1 0.6380208333333334 0.7324074074074076 0.6265625 0.7324074074074076 0.6265625 0.7564814814814816 0.6380208333333334 0.7564814814814816
1 0.6286458333333333 0.8000000000000002 0.6151041666666667 0.8000000000000002 0.6151041666666667 0.8194444444444446 0.6286458333333333 0.8194444444444446
1 0.6171875 0.7990740740740743 0.6041666666666666 0.7990740740740743 0.6041666666666666 0.827777777777778 0.6171875 0.827777777777778
1 0.509375 0.6481481481481484 0.49635416666666665 0.6481481481481484 0.49635416666666665 0.6703703703703706 0.509375 0.6703703703703706
1 0.5015625 0.7018518518518521 0.48854166666666665 0.7018518518518521 0.48854166666666665 0.7250000000000002 0.5015625 0.7250000000000002