1 0.4484375 0.5574074074074075 0.4390625 0.5574074074074075 0.4390625 0.5768518518518518 0.4484375 0.5768518518518518
1 0.4479166666666667 0.5324074074074074 0.43697916666666664 0.5324074074074074 0.43697916666666664 0.549074074074074 0.4479166666666667 0.549074074074074
1 0.4359375 0.5064814814814815 0.42552083333333335 0.5064814814814815 0.42552083333333335 0.524074074074074 0.4359375 0.524074074074074
1 0.4244791666666667 0.475 0.41510416666666666 0.475 0.41510416666666666 0.49537037037037035 0.4244791666666667 0.49537037037037035
1 0.43020833333333336 0.4314814814814816 0.421875 0.4314814814814816 0.421875 0.4462962962962964 0.43020833333333336 0.4462962962962964
1 0.42239583333333336 0.41203703703703715 0.40989583333333335 0.41203703703703715 0.40989583333333335 0.4314814814814816 0.42239583333333336 0.4314814814814816
1 0.4088541666666667 0.3787037037037038 0.3984375 0.3787037037037038 0.3984375 0.39444444444444454 0.4088541666666667 0.39444444444444454
1 0.3958333333333333 0.4175925925925927 0.384375 0.4175925925925927 0.384375 0.4324074074074075 0.3958333333333333 0.4324074074074075
1 0.36770833333333336 0.512962962962963 0.35520833333333335 0.512962962962963 0.35520833333333335 0.5287037037037037 0.36770833333333336 0.5287037037037037
1 0.33541666666666664 0.5175925925925926 0.32395833333333335 0.5175925925925926 0.32395833333333335 0.5370370370370371 0.33541666666666664 0.5370370370370371
1 0.33229166666666665 0.41574074074074086 0.321875 0.41574074074074086 0.321875 0.43055555555555564 0.33229166666666665 0.43055555555555564
1 0.3765625 0.36296296296296304 0.36822916666666666 0.36296296296296304 0.36822916666666666 0.37685185185185194 0.3765625 0.37685185185185194
1 0.409375 0.7712962962962963 0.39739583333333334 0.7712962962962963 0.39739583333333334 0.7842592592592592 0.409375 0.7842592592592592
1 0.34479166666666666 0.7546296296296297 0.3338541666666667 0.7546296296296297 0.3338541666666667 0.7675925925925926 0.34479166666666666 0.7675925925925926
1 0.32760416666666664 0.7287037037037037 0.31927083333333334 0.7287037037037037 0.31927083333333334 0.7398148148148148 0.32760416666666664 0.7398148148148148
1 0.32864583333333336 0.7212962962962963 0.3177083333333333 0.7212962962962963 0.3177083333333333 0.7351851851851852 0.32864583333333336 0.7351851851851852
1 0.2859375 0.7444444444444445 0.2755208333333333 0.7444444444444445 0.2755208333333333 0.7564814814814815 0.2859375 0.7564814814814815
1 0.284375 0.7324074074074074 0.275 0.7324074074074074 0.275 0.7472222222222222 0.284375 0.7472222222222222
1 0.28177083333333336 0.7592592592592593 0.27239583333333334 0.7592592592592593 0.27239583333333334 0.7703703703703704 0.28177083333333336 0.7703703703703704
1 0.278125 0.7657407407407407 0.2671875 0.7657407407407407 0.2671875 0.7768518518518519 0.278125 0.7768518518518519
1 0.284375 0.6259259259259259 0.27291666666666664 0.6259259259259259 0.27291666666666664 0.637962962962963 0.284375 0.637962962962963
1 0.296875 0.5574074074074075 0.2859375 0.5574074074074075 0.2859375 0.5796296296296296 0.296875 0.5796296296296296
1 0.28072916666666664 0.5157407407407407 0.27239583333333334 0.5157407407407407 0.27239583333333334 0.5333333333333333 0.28072916666666664 0.5333333333333333
1 0.275 0.512962962962963 0.2614583333333334 0.512962962962963 0.2614583333333334 0.5314814814814814 0.275 0.5314814814814814
1 0.2921875 0.05277777777777785 0.27291666666666664 0.05277777777777785 0.27291666666666664 0.07962962962962969 0.2921875 0.07962962962962969
1 0.2947916666666667 0.12129629629629635 0.278125 0.12129629629629635 0.278125 0.1370370370370371 0.2947916666666667 0.1370370370370371
1 0.3125 0.16759259259259265 0.29739583333333336 0.16759259259259265 0.29739583333333336 0.18611111111111117 0.3125 0.18611111111111117
1 0.3177083333333333 0.1657407407407408 0.3046875 0.1657407407407408 0.3046875 0.18703703703703708 0.3177083333333333 0.18703703703703708
1 0.33177083333333335 0.06759259259259268 0.3140625 0.06759259259259268 0.3140625 0.09074074074074082 0.33177083333333335 0.09074074074074082
1 0.459375 0.7305555555555555 0.453125 0.7305555555555555 0.453125 0.7416666666666667 0.459375 0.7416666666666667
1 0.44375 0.7814814814814814 0.4354166666666667 0.7814814814814814 0.4354166666666667 0.7935185185185185 0.44375 0.7935185185185185
1 0.40520833333333334 0.6768518518518518 0.39739583333333334 0.6768518518518518 0.39739583333333334 0.687037037037037 0.40520833333333334 0.687037037037037
1 0.31666666666666665 0.6416666666666667 0.30833333333333335 0.6416666666666667 0.30833333333333335 0.6555555555555556 0.31666666666666665 0.6555555555555556