1 0.8135416666666667 0.34722222222222243 0.7890625 0.34722222222222243 0.7890625 0.4000000000000002 0.8135416666666667 0.4000000000000002
1 0.871875 0.3379629629629632 0.8505208333333333 0.3379629629629632 0.8505208333333333 0.3888888888888891 0.871875 0.3888888888888891
1 0.8541666666666666 0.42037037037037056 0.8296875 0.42037037037037056 0.8296875 0.46944444444444466 0.8541666666666666 0.46944444444444466
1 0.8776041666666666 0.37870370370370393 0.8583333333333333 0.37870370370370393 0.8583333333333333 0.41666666666666685 0.8776041666666666 0.41666666666666685
1 0.9234375 0.3351851851851854 0.8984375 0.3351851851851854 0.8984375 0.3851851851851854 0.9234375 0.3851851851851854
1 0.6692708333333334 0.6185185185185187 0.65625 0.6185185185185187 0.65625 0.652777777777778 0.6692708333333334 0.652777777777778
1 0.734375 0.14537037037037054 0.7104166666666667 0.14537037037037054 0.7104166666666667 0.20277777777777795 0.734375 0.20277777777777795
1 0.8083333333333333 0.08425925925925945 0.7885416666666667 0.08425925925925945 0.7885416666666667 0.11759259259259278 0.8083333333333333 0.11759259259259278
1 0.8135416666666667 0.12870370370370385 0.7901041666666667 0.12870370370370385 0.7901041666666667 0.17500000000000016 0.8135416666666667 0.17500000000000016
1 0.7723958333333333 0.044444444444444606 0.7447916666666666 0.044444444444444606 0.7447916666666666 0.09259259259259275 0.7723958333333333 0.09259259259259275
1 0.6291666666666667 0.15370370370370387 0.6135416666666667 0.15370370370370387 0.6135416666666667 0.18888888888888905 0.6291666666666667 0.18888888888888905
1 0.6786458333333333 0.1333333333333335 0.6645833333333333 0.1333333333333335 0.6645833333333333 0.16851851851851868 0.6786458333333333 0.16851851851851868
1 0.8645833333333334 0.08611111111111129 0.8505208333333333 0.08611111111111129 0.8505208333333333 0.11944444444444466 0.8645833333333334 0.11944444444444466
1 0.8260416666666667 0.03518518518518536 0.8114583333333333 0.035185185185185354 0.8114583333333333 0.06666666666666685 0.8260416666666667 0.06666666666666685