1 0.38385416666666666 0.5592592592592592 0.36354166666666665 0.5592592592592592 0.36354166666666665 0.5861111111111111 0.38385416666666666 0.5861111111111111
1 0.24843750000000006 0.6240740740740741 0.2302083333333334 0.6240740740740741 0.2302083333333334 0.6601851851851852 0.24843750000000006 0.6601851851851852
1 0.25625000000000003 0.587037037037037 0.24062500000000006 0.587037037037037 0.24062500000000006 0.6111111111111112 0.25625000000000003 0.6111111111111112
1 0.2567708333333334 0.5305555555555556 0.24218750000000006 0.5305555555555556 0.24218750000000006 0.5509259259259259 0.2567708333333334 0.5509259259259259
1 0.3 0.3250000000000001 0.2864583333333333 0.3250000000000001 0.2864583333333333 0.34444444444444455 0.3 0.34444444444444455
1 0.340625 0.31944444444444453 0.3223958333333333 0.31944444444444453 0.3223958333333333 0.3500000000000001 0.340625 0.3500000000000001
1 0.3203125 0.2231481481481482 0.3078125 0.2231481481481482 0.3078125 0.2453703703703705 0.3203125 0.2453703703703705
1 0.3026041666666667 0.27314814814814825 0.28854166666666664 0.27314814814814825 0.28854166666666664 0.29444444444444456 0.3026041666666667 0.29444444444444456
1 0.4166666666666667 0.036111111111111205 0.4046875 0.036111111111111205 0.4046875 0.05185185185185194 0.4166666666666667 0.05185185185185194
1 0.39947916666666666 8.583866916245799e-17 0.3890625 8.470473694102526e-17 0.3890625 0.011111111111111197 0.39947916666666666 0.011111111111111197
1 0.4276041666666667 9.162172349176495e-17 0.4140625 9.014761160390239e-17 0.4140625 0.01666666666666676 0.4276041666666667 0.01666666666666676
1 0.41875 0.07870370370370379 0.40677083333333336 0.07870370370370379 0.40677083333333336 0.09444444444444453 0.41875 0.09444444444444453
1 0.3828125 0.05833333333333341 0.3729166666666667 0.05833333333333341 0.3729166666666667 0.07500000000000008 0.3828125 0.07500000000000008
1 0.334375 7.160781978347719e-17 0.3234375 7.04171909509728e-17 0.3234375 0.007407407407407478 0.334375 0.00740740740740748
1 0.2619791666666667 0.7870370370370371 0.24427083333333338 0.7870370370370371 0.24427083333333338 0.812037037037037 0.2619791666666667 0.812037037037037
1 0.5312500000000001 0.8787037037037039 0.5171875000000001 0.8787037037037039 0.5171875000000001 0.9009259259259261 0.5312500000000001 0.9009259259259261