1 0.6229166666666667 0.7425925925925928 0.6057291666666667 0.7425925925925928 0.6057291666666667 0.7685185185185187 0.6229166666666667 0.7685185185185187
1 0.7385416666666667 0.7074074074074076 0.721875 0.7074074074074076 0.721875 0.7370370370370373 0.7385416666666667 0.7370370370370373
1 0.5114583333333333 0.7425925925925928 0.49583333333333335 0.7425925925925928 0.49583333333333335 0.7694444444444447 0.5114583333333333 0.7694444444444447
1 0.4817708333333333 0.7564814814814815 0.46770833333333334 0.7564814814814815 0.46770833333333334 0.7861111111111111 0.4817708333333333 0.7861111111111111
1 0.53125 0.7805555555555558 0.5171875 0.7805555555555558 0.5171875 0.8046296296296298 0.53125 0.8046296296296298
1 0.55 0.7611111111111113 0.5338541666666666 0.7611111111111113 0.5338541666666666 0.7925925925925928 0.55 0.7925925925925928
1 0.5447916666666667 0.7953703703703706 0.5302083333333333 0.7953703703703706 0.5302083333333333 0.8250000000000002 0.5447916666666667 0.8250000000000002
1 0.5328125 0.8250000000000002 0.5171875 0.8250000000000002 0.5171875 0.8574074074074076 0.5328125 0.8574074074074076
1 0.4036458333333333 0.7675925925925926 0.3885416666666667 0.7675925925925926 0.3885416666666667 0.7944444444444444 0.4036458333333333 0.7944444444444444
1 0.3927083333333333 0.8055555555555556 0.38229166666666664 0.8055555555555556 0.38229166666666664 0.8296296296296296 0.3927083333333333 0.8296296296296296
1 0.33177083333333335 0.737037037037037 0.31614583333333335 0.737037037037037 0.31614583333333335 0.7648148148148148 0.33177083333333335 0.7648148148148148
1 0.3078125 0.6925925925925925 0.29322916666666665 0.6925925925925925 0.29322916666666665 0.712037037037037 0.3078125 0.712037037037037
1 0.3026041666666667 0.7074074074074074 0.29270833333333335 0.7074074074074074 0.29270833333333335 0.7324074074074074 0.3026041666666667 0.7324074074074074
1 0.3026041666666667 0.7324074074074074 0.290625 0.7324074074074074 0.290625 0.7490740740740741 0.3026041666666667 0.7490740740740741
1 0.5067708333333333 0.450925925925926 0.49166666666666664 0.450925925925926 0.49166666666666664 0.47407407407407426 0.5067708333333333 0.47407407407407426
1 0.5526041666666667 0.3851851851851853 0.5401041666666667 0.3851851851851853 0.5401041666666667 0.40462962962962973 0.5526041666666667 0.40462962962962973
1 0.42291666666666666 0.3953703703703705 0.4083333333333333 0.3953703703703705 0.4083333333333333 0.4212962962962964 0.42291666666666666 0.4212962962962964