1 0.5401041666666667 0.6981481481481484 0.5229166666666667 0.6981481481481484 0.5229166666666667 0.7314814814814817 0.5401041666666667 0.7314814814814817
1 0.47760416666666666 0.6157407407407407 0.4635416666666667 0.6157407407407407 0.4635416666666667 0.6416666666666667 0.47760416666666666 0.6416666666666667
1 0.49114583333333334 0.626851851851852 0.4765625 0.6268518518518519 0.4765625 0.6416666666666667 0.49114583333333334 0.6416666666666668
1 0.4875 0.5740740740740742 0.47239583333333335 0.5740740740740741 0.47239583333333335 0.6027777777777779 0.4875 0.602777777777778
1 0.5026041666666666 0.5962962962962965 0.4901041666666667 0.5962962962962965 0.4901041666666667 0.6185185185185187 0.5026041666666666 0.6185185185185187
1 0.490625 0.6037037037037039 0.47708333333333336 0.6037037037037037 0.47708333333333336 0.625925925925926 0.490625 0.6259259259259261
1 0.5552083333333333 0.5009259259259261 0.5421875 0.5009259259259261 0.5421875 0.5240740740740742 0.5552083333333333 0.5240740740740742
1 0.5619791666666667 0.49537037037037057 0.5473958333333333 0.49537037037037057 0.5473958333333333 0.5185185185185187 0.5619791666666667 0.5185185185185187
1 0.5307291666666667 0.3250000000000001 0.5171875 0.3250000000000001 0.5171875 0.3537037037037038 0.5307291666666667 0.3537037037037038
1 0.3776041666666667 0.2703703703703705 0.35885416666666664 0.2703703703703705 0.35885416666666664 0.2981481481481483 0.3776041666666667 0.2981481481481483
1 0.6052083333333333 0.4685185185185186 0.5927083333333333 0.4685185185185186 0.5927083333333333 0.4925925925925928 0.6052083333333333 0.4925925925925928
1 0.6770833333333334 0.4092592592592594 0.6651041666666667 0.4092592592592594 0.6651041666666667 0.42962962962962975 0.6770833333333334 0.42962962962962975
1 0.6739583333333333 0.4231481481481483 0.6614583333333334 0.4231481481481483 0.6614583333333334 0.44722222222222235 0.6739583333333333 0.44722222222222235
1 0.6885416666666667 0.8388888888888891 0.6729166666666667 0.8388888888888891 0.6729166666666667 0.8694444444444447 0.6885416666666667 0.8694444444444447
1 0.6953125 0.8379629629629631 0.68125 0.8379629629629631 0.68125 0.8657407407407409 0.6953125 0.8657407407407409
1 0.37864583333333335 0.8009259259259259 0.3625 0.8009259259259259 0.3625 0.8379629629629629 0.37864583333333335 0.8379629629629629
1 0.36875 0.812037037037037 0.3541666666666667 0.812037037037037 0.3541666666666667 0.8537037037037037 0.36875 0.8537037037037037
1 0.359375 0.8111111111111111 0.3390625 0.8111111111111111 0.3390625 0.8537037037037037 0.359375 0.8537037037037037
1 0.32916666666666666 0.7398148148148148 0.3145833333333333 0.7398148148148148 0.3145833333333333 0.7657407407407407 0.32916666666666666 0.7657407407407407
1 0.340625 0.7564814814814815 0.32135416666666666 0.7564814814814815 0.32135416666666666 0.7842592592592592 0.340625 0.7842592592592592
1 0.340625 0.6953703703703704 0.32135416666666666 0.6953703703703704 0.32135416666666666 0.7277777777777777 0.340625 0.7277777777777777
1 0.32083333333333336 0.7601851851851852 0.30520833333333336 0.7601851851851852 0.30520833333333336 0.7870370370370371 0.32083333333333336 0.7870370370370371
1 0.26510416666666675 0.8703703703703703 0.24062500000000006 0.8703703703703703 0.24062500000000006 0.9046296296296297 0.26510416666666675 0.9046296296296297
1 0.29583333333333334 0.8055555555555556 0.2765625 0.8055555555555556 0.2765625 0.8342592592592593 0.29583333333333334 0.8342592592592593