1 0.4083333333333333 0.15092592592592602 0.396875 0.15092592592592602 0.396875 0.17685185185185195 0.4083333333333333 0.17685185185185195
1 0.42083333333333334 0.1324074074074075 0.40989583333333335 0.1324074074074075 0.40989583333333335 0.1611111111111112 0.42083333333333334 0.1611111111111112
1 0.4270833333333333 0.1462962962962964 0.4166666666666667 0.1462962962962964 0.4166666666666667 0.16944444444444454 0.4270833333333333 0.16944444444444454
1 0.384375 0.1361111111111112 0.37083333333333335 0.1361111111111112 0.37083333333333335 0.16481481481481491 0.384375 0.16481481481481491
1 0.3640625 0.40185185185185196 0.34739583333333335 0.40185185185185196 0.34739583333333335 0.43425925925925934 0.3640625 0.43425925925925934
1 0.3541666666666667 0.426851851851852 0.3390625 0.426851851851852 0.3390625 0.4583333333333334 0.3541666666666667 0.4583333333333334
1 0.328125 0.43425925925925934 0.3125 0.43425925925925934 0.3125 0.4648148148148149 0.328125 0.4648148148148149
1 0.31666666666666665 0.40462962962962973 0.30520833333333336 0.40462962962962973 0.30520833333333336 0.43055555555555564 0.31666666666666665 0.43055555555555564
1 0.321875 0.21296296296296302 0.3140625 0.21296296296296302 0.3140625 0.2342592592592593 0.321875 0.2342592592592593
1 0.5979166666666667 0.7925925925925928 0.5776041666666667 0.7925925925925928 0.5776041666666667 0.8425925925925928 0.5979166666666667 0.8425925925925928
1 0.7385416666666667 0.2611111111111113 0.7197916666666667 0.26111111111111124 0.7197916666666667 0.301851851851852 0.7385416666666667 0.30185185185185204
1 0.7552083333333334 0.2500000000000002 0.7375 0.2500000000000002 0.7375 0.2944444444444447 0.7552083333333334 0.2944444444444447
1 0.5895833333333333 0.033333333333333465 0.5807291666666666 0.033333333333333465 0.5807291666666666 0.05925925925925939 0.5895833333333333 0.05925925925925939
1 0.6005208333333333 0.04074074074074087 0.5895833333333333 0.04074074074074087 0.5895833333333333 0.06203703703703717 0.6005208333333333 0.06203703703703717