1 0.6083333333333333 0.5064814814814816 0.58125 0.5064814814814816 0.58125 0.5712962962962965 0.6083333333333333 0.5712962962962965
1 0.7541666666666667 0.5138888888888891 0.7244791666666667 0.5138888888888891 0.7244791666666667 0.5620370370370372 0.7541666666666667 0.5620370370370372
1 0.7505208333333333 0.46944444444444466 0.7270833333333333 0.46944444444444466 0.7270833333333333 0.5305555555555558 0.7505208333333333 0.5305555555555558
1 0.8145833333333333 0.49351851851851875 0.8005208333333333 0.49351851851851875 0.8005208333333333 0.5250000000000002 0.8145833333333333 0.5250000000000002
1 0.8052083333333333 0.4703703703703706 0.7890625 0.4703703703703706 0.7890625 0.502777777777778 0.8052083333333333 0.502777777777778
1 0.8494791666666667 0.4787037037037039 0.8375 0.4787037037037039 0.8375 0.5018518518518521 0.8494791666666667 0.5018518518518521
1 0.8390625 0.46944444444444466 0.8265625 0.46944444444444466 0.8265625 0.49722222222222245 0.8390625 0.49722222222222245
1 0.8479166666666667 0.45185185185185206 0.8338541666666667 0.45185185185185206 0.8338541666666667 0.48425925925925944 0.8479166666666667 0.48425925925925944
1 0.8796875 0.47777777777777797 0.8651041666666667 0.47777777777777797 0.8651041666666667 0.5046296296296299 0.8796875 0.5046296296296299
1 0.3151041666666667 0.8018518518518518 0.2833333333333333 0.8018518518518518 0.2833333333333333 0.8537037037037037 0.3151041666666667 0.8537037037037037
1 0.2145833333333334 0.6824074074074075 0.19635416666666672 0.6824074074074075 0.19635416666666672 0.7268518518518519 0.2145833333333334 0.7268518518518519
1 0.2135416666666667 0.6583333333333333 0.18593750000000006 0.6583333333333333 0.18593750000000006 0.7018518518518518 0.2135416666666667 0.7018518518518518
1 0.33958333333333335 0.7564814814814815 0.3177083333333333 0.7564814814814815 0.3177083333333333 0.799074074074074 0.33958333333333335 0.799074074074074
1 0.4109375 0.6675925925925926 0.3828125 0.6675925925925926 0.3828125 0.7129629629629629 0.4109375 0.7129629629629629
1 0.5359375 0.07685185185185196 0.5171875 0.07685185185185196 0.5171875 0.1324074074074075 0.5359375 0.1324074074074075
1 0.6677083333333333 0.09166666666666681 0.65 0.0916666666666668 0.65 0.13888888888888903 0.6677083333333333 0.13888888888888903
1 0.6802083333333333 0.08888888888888904 0.6677083333333333 0.08888888888888904 0.6677083333333333 0.1333333333333335 0.6802083333333333 0.1333333333333335
1 0.6713541666666667 0.06944444444444459 0.6578125 0.06944444444444457 0.6578125 0.10462962962962978 0.6713541666666667 0.10462962962962978
1 0.7380208333333333 0.05648148148148164 0.71875 0.05648148148148164 0.71875 0.0907407407407409 0.7380208333333333 0.0907407407407409
1 0.7651041666666667 0.057407407407407574 0.7515625 0.05740740740740757 0.7515625 0.08796296296296312 0.7651041666666667 0.08796296296296312
1 0.7416666666666667 0.10833333333333349 0.7270833333333333 0.10833333333333349 0.7270833333333333 0.13518518518518535 0.7416666666666667 0.13518518518518535
1 0.196875 0.10740740740740745 0.17552083333333332 0.10740740740740744 0.17552083333333332 0.1444444444444445 0.196875 0.1444444444444445
1 0.1953125 0.05740740740740745 0.1765625 0.05740740740740745 0.1765625 0.09259259259259263 0.1953125 0.09259259259259264