1 0.5015625 0.5009259259259261 0.49375 0.5009259259259261 0.49375 0.5138888888888891 0.5015625 0.5138888888888891
1 0.5317708333333333 0.4500000000000001 0.5229166666666667 0.4500000000000001 0.5229166666666667 0.46574074074074084 0.5317708333333333 0.46574074074074084
1 0.5807291666666666 0.5222222222222225 0.5697916666666667 0.5222222222222225 0.5697916666666667 0.5361111111111113 0.5807291666666666 0.5361111111111113
1 0.5692708333333333 0.5398148148148151 0.5614583333333333 0.5398148148148151 0.5614583333333333 0.551851851851852 0.5692708333333333 0.551851851851852
1 0.578125 0.5861111111111114 0.5677083333333334 0.5861111111111114 0.5677083333333334 0.6000000000000002 0.578125 0.6000000000000002
1 0.5661458333333333 0.6166666666666669 0.55625 0.6166666666666669 0.55625 0.6296296296296299 0.5661458333333333 0.6296296296296299
1 0.5520833333333334 0.6435185185185187 0.5447916666666667 0.6435185185185187 0.5447916666666667 0.6537037037037039 0.5520833333333334 0.6537037037037039
1 0.5520833333333334 0.6648148148148151 0.5421875 0.6648148148148151 0.5421875 0.6814814814814817 0.5520833333333334 0.6814814814814817
1 0.5911458333333334 0.48796296296296315 0.5817708333333333 0.48796296296296315 0.5817708333333333 0.5018518518518521 0.5911458333333334 0.5018518518518521
1 0.6072916666666667 0.5240740740740742 0.596875 0.5240740740740742 0.596875 0.5388888888888891 0.6072916666666667 0.5388888888888891
1 0.6223958333333334 0.4685185185185186 0.6145833333333334 0.4685185185185186 0.6145833333333334 0.4814814814814817 0.6223958333333334 0.4814814814814817
1 0.5901041666666667 0.450925925925926 0.5802083333333333 0.450925925925926 0.5802083333333333 0.4648148148148149 0.5901041666666667 0.4648148148148149
1 0.6359375 0.6231481481481483 0.625 0.6231481481481483 0.625 0.6379629629629632 0.6359375 0.6379629629629632
1 0.66875 0.6342592592592595 0.6588541666666666 0.6342592592592595 0.6588541666666666 0.6472222222222225 0.66875 0.6472222222222225
1 0.6671875 0.627777777777778 0.6583333333333333 0.627777777777778 0.6583333333333333 0.6407407407407409 0.6671875 0.6407407407407409
1 0.6697916666666667 0.5250000000000002 0.659375 0.5250000000000002 0.659375 0.5398148148148151 0.6697916666666667 0.5398148148148151
1 0.7052083333333333 0.6685185185185187 0.6958333333333333 0.6685185185185187 0.6958333333333333 0.6861111111111113 0.7052083333333333 0.6861111111111113
1 0.6838541666666667 0.5861111111111114 0.6744791666666666 0.5861111111111114 0.6744791666666666 0.6000000000000002 0.6838541666666667 0.6000000000000002
1 0.7302083333333333 0.6240740740740743 0.7197916666666667 0.6240740740740743 0.7197916666666667 0.6444444444444447 0.7302083333333333 0.6444444444444447
1 0.71875 0.6314814814814816 0.7109375 0.6314814814814816 0.7109375 0.6416666666666668 0.71875 0.6416666666666668
1 0.7177083333333333 0.7296296296296299 0.7083333333333334 0.7296296296296299 0.7083333333333334 0.7472222222222225 0.7177083333333333 0.7472222222222225
1 0.684375 0.7500000000000002 0.6765625 0.7500000000000002 0.6765625 0.7638888888888891 0.684375 0.7638888888888891
1 0.6838541666666667 0.7259259259259261 0.6755208333333333 0.7259259259259261 0.6755208333333333 0.7388888888888892 0.6838541666666667 0.7388888888888892
1 0.5557291666666667 0.8907407407407409 0.5473958333333333 0.8907407407407409 0.5473958333333333 0.9037037037037039 0.5557291666666667 0.9037037037037039
1 0.5390625 0.8388888888888891 0.5322916666666667 0.8388888888888891 0.5322916666666667 0.8518518518518521 0.5390625 0.8518518518518521
1 0.5947916666666667 0.8824074074074076 0.5848958333333333 0.8824074074074076 0.5848958333333333 0.8925925925925928 0.5947916666666667 0.8925925925925928
1 0.6583333333333333 0.8629629629629632 0.6494791666666667 0.8629629629629632 0.6494791666666667 0.8787037037037039 0.6583333333333333 0.8787037037037039
1 0.6734375 0.8407407407407409 0.6661458333333333 0.8407407407407409 0.6661458333333333 0.8518518518518521 0.6734375 0.8518518518518521
1 0.6734375 0.8333333333333336 0.6651041666666667 0.8333333333333336 0.6651041666666667 0.8435185185185188 0.6734375 0.8435185185185188
1 0.7197916666666667 0.8435185185185188 0.7072916666666667 0.8435185185185188 0.7072916666666667 0.8546296296296299 0.7197916666666667 0.8546296296296299
1 0.7171875 0.853703703703704 0.7088541666666667 0.853703703703704 0.7088541666666667 0.8657407407407409 0.7171875 0.8657407407407409
1 0.7203125 0.8712962962962965 0.7114583333333333 0.8712962962962965 0.7114583333333333 0.8842592592592595 0.7203125 0.8842592592592595
1 0.7255208333333333 0.877777777777778 0.7145833333333333 0.877777777777778 0.7145833333333333 0.8907407407407409 0.7255208333333333 0.8907407407407409
1 0.7104166666666667 0.17962962962962978 0.6958333333333333 0.17962962962962978 0.6958333333333333 0.201851851851852 0.7104166666666667 0.201851851851852
1 0.6708333333333333 0.1833333333333335 0.6583333333333333 0.1833333333333335 0.6583333333333333 0.2046296296296298 0.6708333333333333 0.2046296296296298
1 0.709375 0.23796296296296307 0.6947916666666667 0.23796296296296307 0.6947916666666667 0.2564814814814816 0.709375 0.2564814814814816
1 0.6895833333333333 0.28518518518518526 0.6776041666666667 0.28518518518518526 0.6776041666666667 0.3037037037037038 0.6895833333333333 0.3037037037037038