1 0.5338541666666666 0.5222222222222225 0.5192708333333333 0.5222222222222225 0.5192708333333333 0.5509259259259262 0.5338541666666666 0.5509259259259262
1 0.5510416666666667 0.5972222222222224 0.5364583333333334 0.5972222222222224 0.5364583333333334 0.6305555555555558 0.5510416666666667 0.6305555555555558
1 0.5567708333333333 0.6120370370370373 0.5416666666666666 0.6120370370370373 0.5416666666666666 0.6435185185185187 0.5567708333333333 0.6435185185185187
1 0.5744791666666667 0.6324074074074076 0.5567708333333333 0.6324074074074076 0.5567708333333333 0.6685185185185187 0.5744791666666667 0.6685185185185187
1 0.5614583333333333 0.6064814814814817 0.5536458333333333 0.6064814814814817 0.5536458333333333 0.6425925925925928 0.5614583333333333 0.6425925925925928
1 0.3807291666666667 0.6333333333333333 0.36666666666666664 0.6333333333333333 0.36666666666666664 0.6592592592592592 0.3807291666666667 0.6592592592592592
1 0.384375 0.65 0.3692708333333333 0.65 0.3692708333333333 0.6805555555555556 0.384375 0.6805555555555556
1 0.4 0.4500000000000001 0.3859375 0.4500000000000001 0.3859375 0.475 0.4 0.475
1 0.628125 0.3500000000000001 0.6140625 0.3500000000000001 0.6140625 0.3833333333333334 0.628125 0.3833333333333334
1 0.5380208333333333 0.9148148148148151 0.5203125000000001 0.9148148148148151 0.5203125000000001 0.9481481481481482 0.5380208333333333 0.9481481481481482
1 0.5177083333333334 0.9342592592592595 0.5036458333333335 0.9342592592592595 0.5036458333333335 0.9638888888888889 0.5177083333333334 0.9638888888888889
1 0.5130208333333335 0.9185185185185187 0.5020833333333334 0.9185185185185187 0.5020833333333334 0.9444444444444446 0.5130208333333335 0.9444444444444446
1 0.5031250000000002 0.9324074074074076 0.4916666666666668 0.9324074074074076 0.4916666666666668 0.9777777777777777 0.5031250000000002 0.9777777777777777
1 0.49114583333333334 0.5851851851851853 0.471875 0.5851851851851851 0.471875 0.6148148148148149 0.49114583333333334 0.614814814814815
1 0.4062500000000001 0.9537037037037037 0.3932291666666668 0.9537037037037037 0.3932291666666668 0.9898148148148148 0.4062500000000001 0.9898148148148148
1 0.3984375000000001 0.9453703703703704 0.38489583333333344 0.9453703703703704 0.38489583333333344 0.9777777777777777 0.3984375000000001 0.9777777777777777
1 0.30833333333333346 0.8685185185185185 0.2890625000000001 0.8685185185185185 0.2890625000000001 0.9083333333333333 0.30833333333333346 0.9083333333333333
1 0.32135416666666666 0.6537037037037037 0.3020833333333333 0.6537037037037037 0.3020833333333333 0.6972222222222222 0.32135416666666666 0.6972222222222222
1 0.271875 0.6527777777777778 0.25520833333333337 0.6527777777777778 0.25520833333333337 0.6814814814814815 0.271875 0.6814814814814815
1 0.10312500000000006 0.8962962962962963 0.08750000000000006 0.8962962962962963 0.08750000000000006 0.9287037037037037 0.10312500000000006 0.9287037037037037
1 0.08854166666666673 0.7703703703703704 0.07604166666666673 0.7703703703703704 0.07604166666666673 0.7935185185185185 0.08854166666666673 0.7935185185185185