1 0.4354166666666668 0.9944444444444445 0.42864583333333345 0.9944444444444445 0.42864583333333345 1 0.4354166666666668 1
1 0.40520833333333345 0.9203703703703704 0.39895833333333347 0.9203703703703704 0.39895833333333347 0.9277777777777778 0.40520833333333345 0.9277777777777778
1 0.39479166666666676 0.95 0.38906250000000014 0.95 0.38906250000000014 0.9574074074074074 0.39479166666666676 0.9574074074074074
1 0.3963541666666668 0.9694444444444444 0.39114583333333347 0.9694444444444444 0.39114583333333347 0.9777777777777777 0.3963541666666668 0.9777777777777777
1 0.3916666666666668 0.987037037037037 0.3875000000000001 0.987037037037037 0.3875000000000001 0.9972222222222222 0.3916666666666668 0.9972222222222222
1 0.3901041666666668 0.9768518518518519 0.3854166666666668 0.9768518518518519 0.3854166666666668 0.987037037037037 0.3901041666666668 0.987037037037037
1 0.3885416666666668 0.9722222222222222 0.3838541666666668 0.9722222222222222 0.3838541666666668 0.9805555555555555 0.3885416666666668 0.9805555555555555
1 0.38489583333333344 0.9925925925925926 0.3802083333333334 0.9925925925925926 0.3802083333333334 1 0.38489583333333344 1
1 0.3859375000000001 0.9879629629629629 0.38125000000000014 0.9879629629629629 0.38125000000000014 0.9944444444444445 0.3859375000000001 0.9944444444444445
1 0.3697916666666668 0.9657407407407408 0.3645833333333334 0.9657407407407408 0.3645833333333334 0.975925925925926 0.3697916666666668 0.975925925925926
1 0.3463541666666668 0.9111111111111111 0.33958333333333346 0.9111111111111111 0.33958333333333346 0.9194444444444444 0.3463541666666668 0.9194444444444444
1 0.34531250000000013 0.9037037037037037 0.3406250000000001 0.9037037037037037 0.3406250000000001 0.9120370370370371 0.34531250000000013 0.9120370370370371