1 0.5833333333333334 0.5962962962962965 0.5765625 0.5962962962962965 0.5765625 0.6055555555555557 0.5833333333333334 0.6055555555555557
1 0.5770833333333333 0.5861111111111114 0.5713541666666667 0.5861111111111114 0.5713541666666667 0.5944444444444447 0.5770833333333333 0.5944444444444447
1 0.5807291666666666 0.5601851851851853 0.575 0.5601851851851853 0.575 0.5685185185185188 0.5807291666666666 0.5685185185185188
1 0.5744791666666667 0.5416666666666669 0.5677083333333334 0.5416666666666669 0.5677083333333334 0.5490740740740743 0.5744791666666667 0.5490740740740743
1 0.565625 0.5120370370370373 0.5609375 0.5120370370370373 0.5609375 0.5194444444444447 0.565625 0.5194444444444447
1 0.6145833333333334 0.5379629629629632 0.6088541666666667 0.5379629629629632 0.6088541666666667 0.5462962962962965 0.6145833333333334 0.5462962962962965
1 0.5984375 0.5944444444444447 0.5932291666666667 0.5944444444444447 0.5932291666666667 0.602777777777778 0.5984375 0.602777777777778
1 0.6359375 0.5953703703703705 0.6302083333333334 0.5953703703703705 0.6302083333333334 0.602777777777778 0.6359375 0.602777777777778
1 0.6338541666666667 0.5379629629629632 0.6286458333333333 0.5379629629629632 0.6286458333333333 0.5435185185185187 0.6338541666666667 0.5435185185185187
1 0.6348958333333333 0.5333333333333335 0.6291666666666667 0.5333333333333335 0.6291666666666667 0.540740740740741 0.6348958333333333 0.540740740740741
1 0.6432291666666666 0.4648148148148149 0.6380208333333334 0.4648148148148149 0.6380208333333334 0.4712962962962964 0.6432291666666666 0.4712962962962964
1 0.6260416666666667 0.40185185185185196 0.6208333333333333 0.40185185185185196 0.6208333333333333 0.4074074074074075 0.6260416666666667 0.4074074074074075
1 0.590625 0.3916666666666668 0.5848958333333333 0.3916666666666668 0.5848958333333333 0.3972222222222223 0.590625 0.3972222222222223
1 0.6640625 0.3935185185185186 0.6598958333333333 0.3935185185185186 0.6598958333333333 0.400925925925926 0.6640625 0.400925925925926
1 0.6619791666666667 0.39814814814814825 0.6578125 0.39814814814814825 0.6578125 0.40462962962962973 0.6619791666666667 0.40462962962962973
1 0.5901041666666667 0.6157407407407409 0.5848958333333333 0.6157407407407409 0.5848958333333333 0.6250000000000002 0.5901041666666667 0.6250000000000002
1 0.5880208333333333 0.6379629629629632 0.5833333333333334 0.6379629629629632 0.5833333333333334 0.6462962962962965 0.5880208333333333 0.6462962962962965
1 0.6088541666666667 0.627777777777778 0.6026041666666667 0.627777777777778 0.6026041666666667 0.6361111111111113 0.6088541666666667 0.6361111111111113
1 0.6505208333333333 0.7361111111111113 0.6432291666666666 0.7361111111111113 0.6432291666666666 0.7481481481481483 0.6505208333333333 0.7481481481481483
1 0.6421875 0.7962962962962965 0.6333333333333333 0.7962962962962965 0.6333333333333333 0.8111111111111113 0.6421875 0.8111111111111113
1 0.665625 0.7990740740740743 0.6552083333333333 0.7990740740740743 0.6552083333333333 0.815740740740741 0.665625 0.815740740740741
1 0.6645833333333333 0.7657407407407409 0.6541666666666667 0.7657407407407409 0.6541666666666667 0.7796296296296299 0.6645833333333333 0.7796296296296299
1 0.465625 9.921906937536426e-17 0.44583333333333336 9.706459815464207e-17 0.44583333333333336 0.030555555555555655 0.465625 0.030555555555555662
1 0.49166666666666664 0.0787037037037038 0.47291666666666665 0.0787037037037038 0.47291666666666665 0.10833333333333343 0.49166666666666664 0.10833333333333343
1 0.6223958333333334 0.95 0.6088541666666667 0.95 0.6088541666666667 0.9657407407407408 0.6223958333333334 0.9657407407407408
1 0.7036458333333333 0.9824074074074074 0.6942708333333333 0.9824074074074074 0.6942708333333333 0.9953703703703703 0.7036458333333333 0.9953703703703703
1 0.7005208333333334 0.9388888888888891 0.690625 0.9388888888888891 0.690625 0.9527777777777777 0.7005208333333334 0.9527777777777777
1 0.7723958333333333 0.21018518518518534 0.7614583333333333 0.21018518518518534 0.7614583333333333 0.22870370370370385 0.7723958333333333 0.22870370370370385
1 0.7640625 0.176851851851852 0.7520833333333333 0.176851851851852 0.7520833333333333 0.19351851851851867 0.7640625 0.19351851851851867
1 0.7697916666666667 0.16111111111111126 0.7567708333333333 0.16111111111111126 0.7567708333333333 0.18055555555555572 0.7697916666666667 0.18055555555555572
1 0.7796875 0.05370370370370387 0.7645833333333333 0.05370370370370387 0.7645833333333333 0.076851851851852 0.7796875 0.076851851851852