1 0.3953125 0.15648148148148158 0.3734375 0.15648148148148158 0.3734375 0.20185185185185195 0.3953125 0.20185185185185195
1 0.37135416666666665 0.16666666666666674 0.35 0.1666666666666667 0.35 0.20740740740740748 0.37135416666666665 0.2074074074074075
1 0.5182291666666666 0.325925925925926 0.4979166666666667 0.325925925925926 0.4979166666666667 0.36203703703703716 0.5182291666666666 0.36203703703703716
1 0.55625 0.815740740740741 0.5359375 0.815740740740741 0.5359375 0.8481481481481483 0.55625 0.8481481481481483
1 0.565625 0.852777777777778 0.5453125 0.852777777777778 0.5453125 0.8879629629629632 0.565625 0.8879629629629632
1 0.575 0.8722222222222225 0.5546875 0.8722222222222225 0.5546875 0.9055555555555558 0.575 0.9055555555555558
1 0.6036458333333333 0.815740740740741 0.590625 0.815740740740741 0.590625 0.8416666666666669 0.6036458333333333 0.8416666666666669
1 0.6255208333333333 0.8250000000000002 0.6057291666666667 0.8250000000000002 0.6057291666666667 0.853703703703704 0.6255208333333333 0.853703703703704
1 0.6130208333333333 0.8388888888888891 0.5958333333333333 0.8388888888888891 0.5958333333333333 0.8722222222222225 0.6130208333333333 0.8722222222222225
1 0.5817708333333333 0.8342592592592595 0.5635416666666667 0.8342592592592595 0.5635416666666667 0.8759259259259261 0.5817708333333333 0.8759259259259261
1 0.5869791666666667 0.802777777777778 0.565625 0.802777777777778 0.565625 0.8388888888888891 0.5869791666666667 0.8388888888888891
1 0.21979166666666672 0.5564814814814815 0.20520833333333338 0.5564814814814815 0.20520833333333338 0.5861111111111111 0.21979166666666672 0.5861111111111111
1 0.1723958333333334 0.5953703703703703 0.15468750000000006 0.5953703703703703 0.15468750000000006 0.6231481481481481 0.1723958333333334 0.6231481481481481