1 0.32864583333333336 0.3787037037037038 0.31354166666666666 0.3787037037037038 0.31354166666666666 0.40462962962962973 0.32864583333333336 0.40462962962962973
1 0.34479166666666666 0.363888888888889 0.3333333333333333 0.363888888888889 0.3333333333333333 0.38611111111111124 0.34479166666666666 0.38611111111111124
1 0.3546875 0.38240740740740753 0.3421875 0.38240740740740753 0.3421875 0.40462962962962973 0.3546875 0.40462962962962973
1 0.378125 0.38611111111111124 0.36875 0.38611111111111124 0.36875 0.400925925925926 0.378125 0.400925925925926
1 0.3723958333333333 0.39074074074074083 0.359375 0.39074074074074083 0.359375 0.4111111111111112 0.3723958333333333 0.4111111111111112
1 0.36302083333333335 0.34814814814814826 0.35104166666666664 0.34814814814814826 0.35104166666666664 0.37685185185185194 0.36302083333333335 0.37685185185185194
1 0.3796875 0.23796296296296307 0.3651041666666667 0.23796296296296307 0.3651041666666667 0.2583333333333334 0.3796875 0.2583333333333334
1 0.37604166666666666 0.21944444444444455 0.36354166666666665 0.21944444444444455 0.36354166666666665 0.24166666666666678 0.37604166666666666 0.24166666666666678
1 0.4109375 0.1361111111111112 0.39479166666666665 0.1361111111111112 0.39479166666666665 0.15925925925925938 0.4109375 0.15925925925925938
1 0.403125 0.05555555555555564 0.3859375 0.055555555555555636 0.3859375 0.08240740740740748 0.403125 0.08240740740740748
1 0.365625 0.4648148148148149 0.3536458333333333 0.4648148148148149 0.3536458333333333 0.49166666666666664 0.365625 0.49166666666666664
1 0.37604166666666666 0.4777777777777778 0.3651041666666667 0.4777777777777778 0.3651041666666667 0.49074074074074076 0.37604166666666666 0.49074074074074076
1 0.3921875 0.4824074074074074 0.37552083333333336 0.4824074074074074 0.37552083333333336 0.5055555555555555 0.3921875 0.5055555555555555
1 0.384375 0.4490740740740742 0.3703125 0.4490740740740742 0.3703125 0.4759259259259259 0.384375 0.4759259259259259
1 0.4036458333333333 0.4583333333333334 0.3859375 0.4583333333333334 0.3859375 0.4861111111111111 0.4036458333333333 0.4861111111111111
1 0.3885416666666667 0.4212962962962964 0.37395833333333334 0.4212962962962964 0.37395833333333334 0.450925925925926 0.3885416666666667 0.450925925925926
1 0.375 0.4314814814814816 0.3625 0.4314814814814816 0.3625 0.45740740740740754 0.375 0.45740740740740754
1 0.35833333333333334 0.6472222222222223 0.3458333333333333 0.6472222222222223 0.3458333333333333 0.6685185185185185 0.35833333333333334 0.6685185185185185
1 0.3333333333333333 0.6601851851851852 0.3229166666666667 0.6601851851851852 0.3229166666666667 0.6768518518518518 0.3333333333333333 0.6768518518518518
1 0.37447916666666664 0.6990740740740741 0.35989583333333336 0.6990740740740741 0.35989583333333336 0.7222222222222222 0.37447916666666664 0.7222222222222222
1 0.3734375 0.775 0.3567708333333333 0.775 0.3567708333333333 0.8064814814814815 0.3734375 0.8064814814814815
1 0.3875 0.8138888888888889 0.3734375 0.8138888888888889 0.3734375 0.8379629629629629 0.3875 0.8379629629629629
1 0.4 0.8185185185185185 0.3854166666666667 0.8185185185185185 0.3854166666666667 0.8416666666666667 0.4 0.8416666666666667