1 0.5302083333333333 0.1925925925925927 0.515625 0.1925925925925927 0.515625 0.2212962962962964 0.5302083333333333 0.2212962962962964
1 0.5380208333333333 0.23981481481481493 0.5182291666666666 0.23981481481481493 0.5182291666666666 0.263888888888889 0.5380208333333333 0.263888888888889
1 0.553125 0.25925925925925936 0.5322916666666667 0.25925925925925936 0.5322916666666667 0.29537037037037045 0.553125 0.29537037037037045
1 0.4921875 0.39074074074074083 0.4739583333333333 0.39074074074074083 0.4739583333333333 0.41944444444444456 0.4921875 0.41944444444444456
1 0.6885416666666667 0.31296296296296305 0.6760416666666667 0.31296296296296305 0.6760416666666667 0.3361111111111112 0.6885416666666667 0.3361111111111112
1 0.7 0.32685185185185195 0.6885416666666667 0.32685185185185195 0.6885416666666667 0.35092592592592603 0.7 0.35092592592592603
1 0.7015625 0.31203703703703717 0.690625 0.31203703703703717 0.690625 0.33425925925925937 0.7015625 0.33425925925925937
1 0.6942708333333333 0.3379629629629631 0.6833333333333333 0.3379629629629631 0.6833333333333333 0.3611111111111112 0.6942708333333333 0.3611111111111112
1 0.7041666666666667 0.23611111111111127 0.6901041666666666 0.23611111111111127 0.6901041666666666 0.25740740740740753 0.7041666666666667 0.25740740740740753
1 0.6963541666666667 0.23148148148148165 0.6854166666666667 0.23148148148148165 0.6854166666666667 0.2500000000000001 0.6963541666666667 0.2500000000000001
1 0.6645833333333333 0.17870370370370386 0.6520833333333333 0.17870370370370386 0.6520833333333333 0.20277777777777795 0.6645833333333333 0.20277777777777795
1 0.6635416666666667 0.05277777777777792 0.6546875 0.05277777777777792 0.6546875 0.07129629629629643 0.6635416666666667 0.07129629629629643
1 0.6265625 0.901851851851852 0.603125 0.901851851851852 0.603125 0.9296296296296298 0.6265625 0.9296296296296298
1 0.6296875 0.9231481481481484 0.6098958333333333 0.9231481481481484 0.6098958333333333 0.9583333333333334 0.6296875 0.9583333333333334
1 0.546875 0.12685185185185197 0.5354166666666667 0.12685185185185197 0.5354166666666667 0.14722222222222234 0.546875 0.14722222222222234
1 0.5588541666666667 0.13425925925925936 0.5432291666666667 0.13425925925925936 0.5432291666666667 0.15925925925925938 0.5588541666666667 0.15925925925925938
1 0.5614583333333333 0.11203703703703717 0.5489583333333333 0.11203703703703717 0.5489583333333333 0.13425925925925936 0.5614583333333333 0.13425925925925936
1 0.34322916666666664 0.6851851851851852 0.3151041666666667 0.6851851851851852 0.3151041666666667 0.7194444444444444 0.34322916666666664 0.7194444444444444
1 0.4005208333333333 0.41203703703703715 0.38229166666666664 0.41203703703703715 0.38229166666666664 0.44166666666666676 0.4005208333333333 0.44166666666666676
1 0.390625 0.6546296296296297 0.3734375 0.6546296296296297 0.3734375 0.6805555555555556 0.390625 0.6805555555555556