1 0.7677083333333333 0.6324074074074076 0.7489583333333333 0.6324074074074076 0.7489583333333333 0.6638888888888891 0.7677083333333333 0.6638888888888891
1 0.7520833333333333 0.6231481481481483 0.7359375 0.6231481481481483 0.7359375 0.652777777777778 0.7520833333333333 0.652777777777778
1 0.47552083333333334 0.400925925925926 0.45989583333333334 0.400925925925926 0.45989583333333334 0.4407407407407408 0.47552083333333334 0.4407407407407408
1 0.38333333333333336 0.475 0.36875 0.475 0.36875 0.5092592592592593 0.38333333333333336 0.5092592592592593
1 0.3927083333333333 0.4712962962962964 0.3796875 0.4712962962962964 0.3796875 0.5009259259259259 0.3927083333333333 0.5009259259259259
1 0.40208333333333335 0.48148148148148145 0.3890625 0.48148148148148145 0.3890625 0.5148148148148148 0.40208333333333335 0.5148148148148148
1 0.41875 0.5055555555555555 0.40208333333333335 0.5055555555555555 0.40208333333333335 0.5444444444444444 0.41875 0.5444444444444444
1 0.4276041666666667 0.7638888888888888 0.41510416666666666 0.7638888888888888 0.41510416666666666 0.7925925925925926 0.4276041666666667 0.7925925925925926
1 0.4265625 0.7814814814814814 0.4161458333333333 0.7814814814814814 0.4161458333333333 0.812037037037037 0.4265625 0.812037037037037
1 0.41770833333333335 0.7814814814814814 0.40572916666666664 0.7814814814814814 0.40572916666666664 0.812962962962963 0.41770833333333335 0.812962962962963
1 0.5416666666666666 0.9564814814814815 0.5255208333333334 0.9564814814814815 0.5255208333333334 0.9907407407407407 0.5416666666666666 0.9907407407407407
1 0.4843750000000001 0.9000000000000001 0.4713541666666668 0.9 0.4713541666666668 0.9268518518518519 0.4843750000000001 0.926851851851852
1 0.35520833333333335 0.7907407407407407 0.34427083333333336 0.7907407407407407 0.34427083333333336 0.8194444444444444 0.35520833333333335 0.8194444444444444
1 0.30364583333333334 0.725 0.2890625 0.725 0.2890625 0.7546296296296297 0.30364583333333334 0.7546296296296297
1 0.3020833333333333 0.5148148148148148 0.28854166666666664 0.5148148148148148 0.28854166666666664 0.5370370370370371 0.3020833333333333 0.5370370370370371
1 0.309375 0.5314814814814814 0.2953125 0.5314814814814814 0.2953125 0.5564814814814815 0.309375 0.5564814814814815
1 0.2953125 0.5268518518518519 0.2838541666666667 0.5268518518518519 0.2838541666666667 0.5518518518518518 0.2953125 0.5518518518518518
1 0.2786458333333333 0.5407407407407407 0.2661458333333334 0.5407407407407407 0.2661458333333334 0.5685185185185185 0.2786458333333333 0.5685185185185185
1 0.4973958333333333 0.24444444444444455 0.4786458333333333 0.24444444444444455 0.4786458333333333 0.2787037037037038 0.4973958333333333 0.2787037037037038
1 0.6286458333333333 0.2333333333333335 0.6130208333333333 0.2333333333333335 0.6130208333333333 0.26944444444444454 0.6286458333333333 0.26944444444444454
1 0.6567708333333333 0.15462962962962978 0.6375 0.15462962962962978 0.6375 0.18981481481481496 0.6567708333333333 0.18981481481481496