1 0.3848958333333333 0.2000000000000001 0.36822916666666666 0.2000000000000001 0.36822916666666666 0.22685185185185194 0.3848958333333333 0.22685185185185194
1 0.31354166666666666 0.4314814814814816 0.29635416666666664 0.4314814814814816 0.29635416666666664 0.4601851851851853 0.31354166666666666 0.4601851851851853
1 0.3109375 0.49166666666666664 0.2989583333333333 0.49166666666666664 0.2989583333333333 0.5083333333333333 0.3109375 0.5083333333333333
1 0.3296875 0.5407407407407407 0.3171875 0.5407407407407407 0.3171875 0.562037037037037 0.3296875 0.562037037037037
1 0.34791666666666665 0.44351851851851865 0.3333333333333333 0.44351851851851865 0.3333333333333333 0.463888888888889 0.34791666666666665 0.463888888888889
1 0.2630208333333333 0.23240740740740745 0.24635416666666668 0.23240740740740745 0.24635416666666668 0.26111111111111124 0.2630208333333333 0.26111111111111124
1 0.25885416666666666 0.17129629629629634 0.24322916666666666 0.17129629629629634 0.24322916666666666 0.19351851851851856 0.25885416666666666 0.19351851851851856
1 0.25625 0.11666666666666672 0.23541666666666666 0.11666666666666672 0.23541666666666666 0.14629629629629634 0.25625 0.14629629629629634
1 0.2953125 0.06018518518518524 0.2760416666666667 0.06018518518518524 0.2760416666666667 0.08333333333333338 0.2953125 0.08333333333333338
1 0.2875 0.00462962962962969 0.26666666666666666 0.0046296296296296875 0.26666666666666666 0.03240740740740747 0.2875 0.032407407407407475
1 0.34375 0.7694444444444445 0.33125 0.7694444444444445 0.33125 0.7916666666666666 0.34375 0.7916666666666666
1 0.3921875 0.7148148148148148 0.3796875 0.7148148148148148 0.3796875 0.7296296296296296 0.3921875 0.7296296296296296
1 0.4239583333333333 0.7379629629629629 0.4109375 0.7379629629629629 0.4109375 0.7518518518518519 0.4239583333333333 0.7518518518518519
1 0.43645833333333334 0.7648148148148148 0.42291666666666666 0.7648148148148148 0.42291666666666666 0.7824074074074074 0.43645833333333334 0.7824074074074074
1 0.44427083333333334 0.7833333333333333 0.4328125 0.7833333333333333 0.4328125 0.7981481481481482 0.44427083333333334 0.7981481481481482
1 0.4395833333333333 0.8287037037037037 0.42604166666666665 0.8287037037037037 0.42604166666666665 0.8462962962962963 0.4395833333333333 0.8462962962962963
1 0.40729166666666666 0.7722222222222223 0.3958333333333333 0.7722222222222223 0.3958333333333333 0.7907407407407407 0.40729166666666666 0.7907407407407407
1 0.3802083333333334 0.8712962962962963 0.36875000000000013 0.8712962962962963 0.36875000000000013 0.8888888888888888 0.3802083333333334 0.8888888888888888
1 0.34427083333333347 0.8824074074074074 0.33437500000000014 0.8824074074074074 0.33437500000000014 0.9 0.34427083333333347 0.9
1 0.2812500000000001 0.875 0.26927083333333346 0.875 0.26927083333333346 0.8916666666666667 0.2812500000000001 0.8916666666666667
1 0.3057291666666668 0.9194444444444444 0.29322916666666676 0.9194444444444444 0.29322916666666676 0.9416666666666667 0.3057291666666668 0.9416666666666667
1 0.2916666666666668 0.9888888888888889 0.28020833333333345 0.9888888888888889 0.28020833333333345 1 0.2916666666666668 1
1 0.46302083333333344 0.9148148148148149 0.4510416666666668 0.9148148148148149 0.4510416666666668 0.937037037037037 0.46302083333333344 0.937037037037037
1 0.4500000000000001 0.8648148148148148 0.43958333333333344 0.8648148148148148 0.43958333333333344 0.8814814814814815 0.4500000000000001 0.8814814814814815
1 0.425 0.6953703703703704 0.4140625 0.6953703703703704 0.4140625 0.7138888888888889 0.425 0.7138888888888889
1 0.5244791666666667 0.7129629629629631 0.5151041666666667 0.7129629629629631 0.5151041666666667 0.7231481481481483 0.5244791666666667 0.7231481481481483
1 0.5109375 0.7453703703703706 0.5020833333333333 0.7453703703703706 0.5020833333333333 0.7583333333333335 0.5109375 0.7583333333333335
1 0.48125 0.6898148148148148 0.47291666666666665 0.6898148148148148 0.47291666666666665 0.7074074074074074 0.48125 0.7074074074074074
1 0.46927083333333336 0.7342592592592593 0.46145833333333336 0.7342592592592593 0.46145833333333336 0.75 0.46927083333333336 0.75
1 0.3328125 0.8148148148148148 0.32395833333333335 0.8148148148148148 0.32395833333333335 0.8277777777777777 0.3328125 0.8277777777777777
1 0.32708333333333334 0.837037037037037 0.31979166666666664 0.837037037037037 0.31979166666666664 0.8518518518518519 0.32708333333333334 0.8518518518518519