1 0.6666666666666666 0.12314814814814831 0.6572916666666667 0.12314814814814831 0.6572916666666667 0.1407407407407409 0.6666666666666666 0.1407407407407409
1 0.6838541666666667 0.056481481481481625 0.6776041666666667 0.056481481481481625 0.6776041666666667 0.07314814814814831 0.6838541666666667 0.07314814814814831
1 0.6770833333333334 0.08703703703703719 0.6697916666666667 0.08703703703703719 0.6697916666666667 0.10648148148148164 0.6770833333333334 0.10648148148148164
1 0.8265625 0.09351851851851871 0.815625 0.09351851851851871 0.815625 0.11574074074074092 0.8265625 0.11574074074074092
1 0.8067708333333333 0.027777777777777953 0.7953125 0.02777777777777795 0.7953125 0.05000000000000017 0.8067708333333333 0.05000000000000017
1 0.8166666666666667 0.027777777777777957 0.8072916666666666 0.027777777777777957 0.8072916666666666 0.04444444444444462 0.8166666666666667 0.04444444444444463
1 0.8942708333333333 0.06574074074074092 0.8859375 0.06574074074074092 0.8859375 0.08796296296296315 0.8942708333333333 0.08796296296296315
1 0.8989583333333333 0.06296296296296315 0.8901041666666667 0.06296296296296315 0.8901041666666667 0.0824074074074076 0.8989583333333333 0.0824074074074076
1 0.9078125 0.019444444444444643 0.8989583333333333 0.019444444444444643 0.8989583333333333 0.04351851851851871 0.9078125 0.04351851851851871
1 0.9145833333333333 0.012037037037037237 0.9036458333333334 0.012037037037037235 0.9036458333333334 0.03240740740740761 0.9145833333333333 0.03240740740740761
1 0.9197916666666667 0.07407407407407428 0.9125 0.07407407407407428 0.9125 0.08981481481481503 0.9197916666666667 0.08981481481481503
1 0.9520833333333333 0.06666666666666687 0.9411458333333333 0.06666666666666687 0.9411458333333333 0.09166666666666688 0.9520833333333333 0.09166666666666688
1 0.9145833333333333 0.23796296296296318 0.9036458333333334 0.23796296296296318 0.9036458333333334 0.2601851851851854 0.9145833333333333 0.2601851851851854
1 0.24270833333333333 0.16851851851851857 0.2359375 0.16851851851851857 0.2359375 0.18333333333333338 0.24270833333333333 0.18333333333333338
1 0.24739583333333334 0.162962962962963 0.24010416666666667 0.162962962962963 0.24010416666666667 0.1768518518518519 0.24739583333333334 0.1768518518518519