1 0.640625 0.5324074074074077 0.6270833333333333 0.5324074074074077 0.6270833333333333 0.5601851851851853 0.640625 0.5601851851851853
1 0.6447916666666667 0.5685185185185188 0.6322916666666667 0.5685185185185188 0.6322916666666667 0.589814814814815 0.6447916666666667 0.589814814814815
1 0.6541666666666667 0.5388888888888891 0.6421875 0.5388888888888891 0.6421875 0.5592592592592595 0.6541666666666667 0.5592592592592595
1 0.65625 0.5564814814814817 0.6427083333333333 0.5564814814814817 0.6427083333333333 0.5759259259259262 0.65625 0.5759259259259262
1 0.6739583333333333 0.5611111111111113 0.6583333333333333 0.5611111111111113 0.6583333333333333 0.5814814814814817 0.6739583333333333 0.5814814814814817
1 0.665625 0.49537037037037057 0.6520833333333333 0.49537037037037057 0.6520833333333333 0.5231481481481484 0.665625 0.5231481481481484
1 0.6484375 0.46944444444444455 0.6348958333333333 0.46944444444444455 0.6348958333333333 0.49814814814814834 0.6484375 0.49814814814814834
1 0.6630208333333333 0.4111111111111112 0.6505208333333333 0.4111111111111112 0.6505208333333333 0.4351851851851853 0.6630208333333333 0.4351851851851853
1 0.6880208333333333 0.4148148148148149 0.6760416666666667 0.4148148148148149 0.6760416666666667 0.43796296296296305 0.6880208333333333 0.43796296296296305
1 0.4421875 0.4175925925925927 0.43125 0.4175925925925927 0.43125 0.43425925925925934 0.4421875 0.43425925925925934
1 0.4390625 0.4250000000000001 0.42916666666666664 0.4250000000000001 0.42916666666666664 0.4425925925925927 0.4390625 0.4425925925925927
1 0.47604166666666664 0.6527777777777778 0.46822916666666664 0.6527777777777778 0.46822916666666664 0.6712962962962963 0.47604166666666664 0.6712962962962963
1 0.5098958333333333 0.6351851851851854 0.5015625 0.6351851851851854 0.5015625 0.6500000000000002 0.5098958333333333 0.6500000000000002
1 0.6833333333333333 0.7185185185185188 0.6734375 0.7185185185185188 0.6734375 0.7342592592592595 0.6833333333333333 0.7342592592592595
1 0.6651041666666667 0.6787037037037039 0.6515625 0.6787037037037039 0.6515625 0.7046296296296298 0.6651041666666667 0.7046296296296298
1 0.5953125 0.16574074074074086 0.584375 0.16574074074074086 0.584375 0.18611111111111123 0.5953125 0.18611111111111123
1 0.6083333333333333 0.16944444444444456 0.5963541666666666 0.16944444444444454 0.5963541666666666 0.18796296296296308 0.6083333333333333 0.1879629629629631
1 0.6078125 0.1851851851851853 0.5958333333333333 0.18518518518518529 0.5958333333333333 0.20555555555555569 0.6078125 0.2055555555555557
1 0.6104166666666667 0.20740740740740754 0.5994791666666667 0.2074074074074075 0.5994791666666667 0.22685185185185197 0.6104166666666667 0.226851851851852
1 0.6192708333333333 0.176851851851852 0.6083333333333333 0.176851851851852 0.6083333333333333 0.201851851851852 0.6192708333333333 0.201851851851852
1 0.6302083333333334 0.16759259259259274 0.6161458333333333 0.16759259259259274 0.6161458333333333 0.18981481481481496 0.6302083333333334 0.18981481481481496
1 0.6234375 0.14259259259259274 0.6114583333333333 0.14259259259259274 0.6114583333333333 0.16111111111111126 0.6234375 0.16111111111111126
1 0.6307291666666667 0.1472222222222224 0.6203125 0.1472222222222224 0.6203125 0.1657407407407409 0.6307291666666667 0.1657407407407409
1 0.6375 0.15370370370370387 0.6244791666666667 0.15370370370370387 0.6244791666666667 0.17962962962962978 0.6375 0.17962962962962978
1 0.6557291666666667 0.15185185185185202 0.6427083333333333 0.15185185185185202 0.6427083333333333 0.17129629629629645 0.6557291666666667 0.17129629629629645