1 0.5875 0.5120370370370373 0.5807291666666666 0.5120370370370373 0.5807291666666666 0.5203703703703706 0.5875 0.5203703703703706
1 0.5802083333333333 0.4990740740740743 0.5744791666666667 0.4990740740740743 0.5744791666666667 0.5101851851851854 0.5802083333333333 0.5101851851851854
1 0.584375 0.47407407407407426 0.578125 0.47407407407407426 0.578125 0.48333333333333356 0.584375 0.48333333333333356
1 0.578125 0.4564814814814816 0.5713541666666667 0.4564814814814816 0.5713541666666667 0.4648148148148149 0.578125 0.4648148148148149
1 0.56875 0.426851851851852 0.5619791666666667 0.426851851851852 0.5619791666666667 0.4361111111111112 0.56875 0.4361111111111112
1 0.6401041666666667 0.5083333333333335 0.6328125 0.5083333333333335 0.6328125 0.5185185185185187 0.6401041666666667 0.5185185185185187
1 0.6380208333333334 0.44537037037037047 0.6302083333333334 0.44537037037037047 0.6302083333333334 0.45740740740740754 0.6380208333333334 0.45740740740740754
1 0.6197916666666666 0.44722222222222235 0.6114583333333333 0.44722222222222235 0.6114583333333333 0.4611111111111112 0.6197916666666666 0.4611111111111112
1 0.6760416666666667 0.4490740740740742 0.6682291666666667 0.4490740740740742 0.6682291666666667 0.4611111111111112 0.6760416666666667 0.4611111111111112
1 0.6604166666666667 0.4212962962962964 0.6526041666666667 0.4212962962962964 0.6526041666666667 0.43333333333333346 0.6604166666666667 0.43333333333333346
1 0.6677083333333333 0.38611111111111124 0.6609375 0.38611111111111124 0.6609375 0.39814814814814825 0.6677083333333333 0.39814814814814825
1 0.6479166666666667 0.37592592592592605 0.6411458333333333 0.37592592592592605 0.6411458333333333 0.38425925925925936 0.6479166666666667 0.38425925925925936
1 0.6708333333333333 0.301851851851852 0.6625 0.301851851851852 0.6625 0.313888888888889 0.6708333333333333 0.313888888888889
1 0.640625 0.3250000000000001 0.6348958333333333 0.3250000000000001 0.6348958333333333 0.3379629629629631 0.640625 0.3379629629629631
1 0.6302083333333334 0.31203703703703717 0.6255208333333333 0.31203703703703717 0.6255208333333333 0.3212962962962964 0.6302083333333334 0.3212962962962964
1 0.5953125 0.301851851851852 0.5880208333333333 0.301851851851852 0.5880208333333333 0.3111111111111112 0.5953125 0.3111111111111112
1 0.571875 0.2962962962962964 0.5651041666666666 0.2962962962962964 0.5651041666666666 0.3074074074074075 0.571875 0.3074074074074075
1 0.59375 0.5305555555555558 0.5864583333333333 0.5305555555555558 0.5864583333333333 0.540740740740741 0.59375 0.540740740740741
1 0.6020833333333333 0.5101851851851854 0.5958333333333333 0.5101851851851854 0.5958333333333333 0.5203703703703706 0.6020833333333333 0.5203703703703706
1 0.6109375 0.5425925925925928 0.6057291666666667 0.5425925925925928 0.6057291666666667 0.552777777777778 0.6109375 0.552777777777778
1 0.5921875 0.552777777777778 0.5864583333333333 0.552777777777778 0.5864583333333333 0.5629629629629632 0.5921875 0.5629629629629632
1 0.6229166666666667 0.2814814814814816 0.615625 0.2814814814814816 0.615625 0.2935185185185186 0.6229166666666667 0.2935185185185186
1 0.65625 0.6444444444444447 0.6463541666666667 0.6444444444444447 0.6463541666666667 0.6555555555555558 0.65625 0.6555555555555558
1 0.665625 0.6740740740740743 0.6572916666666667 0.6740740740740743 0.6572916666666667 0.6861111111111113 0.665625 0.6861111111111113
1 0.66875 0.7055555555555557 0.6583333333333333 0.7055555555555557 0.6583333333333333 0.7212962962962965 0.66875 0.7212962962962965
1 0.64375 0.7037037037037039 0.6338541666666667 0.7037037037037039 0.6338541666666667 0.7166666666666669 0.64375 0.7166666666666669
1 0.625 0.8490740740740743 0.6151041666666667 0.8490740740740743 0.6151041666666667 0.8666666666666669 0.625 0.8666666666666669
1 0.7046875 0.8361111111111114 0.6916666666666667 0.8361111111111114 0.6916666666666667 0.8500000000000002 0.7046875 0.8500000000000002
1 0.7104166666666667 0.9064814814814817 0.696875 0.9064814814814817 0.696875 0.9240740740740743 0.7104166666666667 0.9240740740740743
1 0.7036458333333333 0.8768518518518521 0.69375 0.8768518518518521 0.69375 0.8870370370370373 0.7036458333333333 0.8870370370370373
1 0.7338541666666667 0.8962962962962965 0.7229166666666667 0.8962962962962965 0.7229166666666667 0.9083333333333335 0.7338541666666667 0.9083333333333335
1 0.7322916666666667 0.8990740740740742 0.71875 0.8990740740740742 0.71875 0.9148148148148151 0.7322916666666667 0.9148148148148151