1 0.484375 0.763888888888889 0.4635416666666667 0.7638888888888888 0.4635416666666667 0.7990740740740742 0.484375 0.7990740740740743
1 0.4864583333333333 0.6601851851851853 0.4625 0.6601851851851852 0.4625 0.6898148148148149 0.4864583333333333 0.689814814814815
1 0.4739583333333333 0.5388888888888889 0.4453125 0.5388888888888889 0.4453125 0.5796296296296296 0.4739583333333333 0.5796296296296296
1 0.48489583333333336 0.29722222222222233 0.46145833333333336 0.29722222222222233 0.46145833333333336 0.33055555555555566 0.48489583333333336 0.33055555555555566
1 0.4703125 0.31851851851851865 0.4484375 0.31851851851851865 0.4484375 0.3500000000000001 0.4703125 0.3500000000000001
1 0.6458333333333334 0.46203703703703713 0.621875 0.46203703703703713 0.621875 0.4990740740740743 0.6458333333333334 0.4990740740740743
1 0.5932291666666667 0.45925925925925937 0.5692708333333333 0.45925925925925937 0.5692708333333333 0.49166666666666686 0.5932291666666667 0.49166666666666686
1 0.603125 0.40462962962962973 0.5817708333333333 0.40462962962962973 0.5817708333333333 0.43425925925925934 0.603125 0.43425925925925934
1 0.4953125 0.2500000000000001 0.4786458333333333 0.2500000000000001 0.4786458333333333 0.2712962962962964 0.4953125 0.2712962962962964
1 0.4947916666666667 0.23055555555555565 0.47708333333333336 0.23055555555555565 0.47708333333333336 0.2537037037037038 0.4947916666666667 0.2537037037037038
1 0.4505208333333333 0.1925925925925927 0.42864583333333334 0.1925925925925927 0.42864583333333334 0.2212962962962964 0.4505208333333333 0.2212962962962964
1 0.5609375 0.1027777777777779 0.540625 0.10277777777777788 0.540625 0.1351851851851853 0.5609375 0.1351851851851853
1 0.525 0.09444444444444455 0.5067708333333333 0.09444444444444455 0.5067708333333333 0.1324074074074075 0.525 0.1324074074074075
1 0.46875 1.0012621515251046e-16 0.4510416666666667 9.819853037607481e-17 0.4510416666666667 0.015740740740740843 0.46875 0.015740740740740847
1 0.26093750000000004 0.5222222222222223 0.23125000000000007 0.5222222222222223 0.23125000000000007 0.5546296296296296 0.26093750000000004 0.5546296296296296
1 0.2520833333333334 0.4888888888888889 0.23229166666666673 0.4888888888888889 0.23229166666666673 0.525 0.2520833333333334 0.525
1 0.28177083333333336 0.2750000000000001 0.2598958333333333 0.2750000000000001 0.2598958333333333 0.30555555555555564 0.28177083333333336 0.30555555555555564
1 0.284375 0.2453703703703705 0.26614583333333336 0.2453703703703705 0.26614583333333336 0.275925925925926 0.284375 0.275925925925926
1 0.3015625 0.16851851851851857 0.2833333333333333 0.16851851851851857 0.2833333333333333 0.2055555555555556 0.3015625 0.2055555555555556
1 0.28177083333333336 0.1407407407407408 0.26614583333333336 0.1407407407407408 0.26614583333333336 0.16851851851851857 0.28177083333333336 0.16851851851851857
1 0.3645833333333333 0.5851851851851851 0.34322916666666664 0.5851851851851851 0.34322916666666664 0.6203703703703703 0.3645833333333333 0.6203703703703703
1 0.3651041666666667 0.6111111111111112 0.34375 0.6111111111111112 0.34375 0.6444444444444445 0.3651041666666667 0.6444444444444445
1 0.684375 0.11296296296296313 0.6666666666666666 0.11296296296296313 0.6666666666666666 0.14537037037037054 0.684375 0.14537037037037054
1 0.6609375 0.1592592592592594 0.64375 0.1592592592592594 0.64375 0.18425925925925943 0.6609375 0.18425925925925943