1 0.528125 0.25462962962962976 0.5109375 0.25462962962962976 0.5109375 0.28518518518518526 0.528125 0.28518518518518526
1 0.5083333333333333 0.2601851851851853 0.49270833333333336 0.2601851851851853 0.49270833333333336 0.288888888888889 0.5083333333333333 0.288888888888889
1 0.6421875 0.8046296296296298 0.6276041666666666 0.8046296296296298 0.6276041666666666 0.8305555555555557 0.6421875 0.8305555555555557
1 0.65 0.8194444444444446 0.6354166666666666 0.8194444444444446 0.6354166666666666 0.8444444444444447 0.65 0.8444444444444447
1 0.703125 0.7601851851851854 0.6885416666666667 0.7601851851851854 0.6885416666666667 0.7879629629629632 0.703125 0.7879629629629632
1 0.671875 0.752777777777778 0.6598958333333333 0.752777777777778 0.6598958333333333 0.7805555555555558 0.671875 0.7805555555555558
1 0.6875 0.7805555555555558 0.6770833333333334 0.7805555555555558 0.6770833333333334 0.7972222222222224 0.6875 0.7972222222222224
1 0.6869791666666667 0.7537037037037039 0.6729166666666667 0.7537037037037039 0.6729166666666667 0.7805555555555558 0.6869791666666667 0.7805555555555558
1 0.7171875 0.852777777777778 0.7052083333333333 0.852777777777778 0.7052083333333333 0.8740740740740743 0.7171875 0.8740740740740743
1 0.7197916666666667 0.8972222222222225 0.70625 0.8972222222222225 0.70625 0.9222222222222224 0.7197916666666667 0.9222222222222224
1 0.28958333333333336 0.675 0.27760416666666665 0.675 0.27760416666666665 0.6953703703703704 0.28958333333333336 0.6953703703703704