1 0.5286458333333334 0.25555555555555565 0.5114583333333333 0.25555555555555565 0.5114583333333333 0.28518518518518526 0.5286458333333334 0.28518518518518526
1 0.5083333333333333 0.2601851851851853 0.49322916666666666 0.2601851851851853 0.49322916666666666 0.288888888888889 0.5083333333333333 0.288888888888889
1 0.6421875 0.8046296296296298 0.6276041666666666 0.8046296296296298 0.6276041666666666 0.8305555555555557 0.6421875 0.8305555555555557
1 0.65 0.8194444444444446 0.6354166666666666 0.8194444444444446 0.6354166666666666 0.8444444444444447 0.65 0.8444444444444447
1 0.703125 0.7611111111111113 0.6890625 0.7611111111111113 0.6890625 0.7879629629629632 0.703125 0.7879629629629632
1 0.671875 0.752777777777778 0.6598958333333333 0.752777777777778 0.6598958333333333 0.7805555555555558 0.671875 0.7805555555555558
1 0.6875 0.7814814814814817 0.6770833333333334 0.7814814814814817 0.6770833333333334 0.7981481481481484 0.6875 0.7981481481481484
1 0.6869791666666667 0.7537037037037039 0.6729166666666667 0.7537037037037039 0.6729166666666667 0.7805555555555558 0.6869791666666667 0.7805555555555558
1 0.7171875 0.852777777777778 0.7052083333333333 0.852777777777778 0.7052083333333333 0.8740740740740743 0.7171875 0.8740740740740743
1 0.7203125 0.8972222222222225 0.70625 0.8972222222222225 0.70625 0.9222222222222224 0.7203125 0.9222222222222224
1 0.28958333333333336 0.675 0.27760416666666665 0.675 0.27760416666666665 0.6953703703703704 0.28958333333333336 0.6953703703703704