1 0.5421875 0.2722222222222223 0.528125 0.2722222222222223 0.528125 0.30277777777777787 0.5421875 0.30277777777777787
1 0.5239583333333333 0.27314814814814825 0.5104166666666666 0.27314814814814825 0.5104166666666666 0.301851851851852 0.5239583333333333 0.301851851851852
1 0.4171875 0.7731481481481481 0.4015625 0.7731481481481481 0.4015625 0.7981481481481482 0.4171875 0.7981481481481482
1 0.2890625 0.6935185185185185 0.2755208333333333 0.6935185185185185 0.2755208333333333 0.7185185185185186 0.2890625 0.7185185185185186
1 0.290625 0.6824074074074075 0.27760416666666665 0.6824074074074075 0.27760416666666665 0.7018518518518518 0.290625 0.7018518518518518
1 0.6385416666666667 0.7916666666666669 0.6229166666666667 0.7916666666666669 0.6229166666666667 0.8111111111111113 0.6385416666666667 0.8111111111111113
1 0.64375 0.7638888888888891 0.6317708333333333 0.7638888888888891 0.6317708333333333 0.7814814814814817 0.64375 0.7814814814814817
1 0.68125 0.7620370370370373 0.6666666666666666 0.7620370370370373 0.6666666666666666 0.7787037037037039 0.68125 0.7787037037037039
1 0.6697916666666667 0.7444444444444447 0.6546875 0.7444444444444447 0.6546875 0.7666666666666668 0.6697916666666667 0.7666666666666668
1 0.690625 0.7416666666666669 0.6776041666666667 0.7416666666666669 0.6776041666666667 0.7666666666666668 0.690625 0.7666666666666668
1 0.6427083333333333 0.7981481481481484 0.6291666666666667 0.7981481481481484 0.6291666666666667 0.8296296296296298 0.6427083333333333 0.8296296296296298
1 0.24687500000000007 0.6916666666666667 0.2317708333333334 0.6916666666666667 0.2317708333333334 0.7194444444444444 0.24687500000000007 0.7194444444444444