1 0.5119791666666667 0.5212962962962965 0.4869791666666667 0.5212962962962965 0.4869791666666667 0.5666666666666669 0.5119791666666667 0.5666666666666669
1 0.5619791666666667 0.46203703703703713 0.540625 0.46203703703703713 0.540625 0.5046296296296299 0.5619791666666667 0.5046296296296299
1 0.5666666666666667 0.34814814814814826 0.5385416666666667 0.34814814814814826 0.5385416666666667 0.3953703703703705 0.5666666666666667 0.3953703703703705
1 0.5421875 0.3416666666666668 0.5213541666666667 0.3416666666666668 0.5213541666666667 0.38055555555555565 0.5421875 0.38055555555555565
1 0.5552083333333333 0.6685185185185187 0.5291666666666667 0.6685185185185187 0.5291666666666667 0.7092592592592595 0.5552083333333333 0.7092592592592595
1 0.66875 0.6287037037037039 0.6421875 0.6287037037037039 0.6421875 0.665740740740741 0.66875 0.665740740740741
1 0.7317708333333334 0.6824074074074076 0.7078125 0.6824074074074076 0.7078125 0.7231481481481483 0.7317708333333334 0.7231481481481483
1 0.6921875 0.5166666666666668 0.6677083333333333 0.5166666666666668 0.6677083333333333 0.5490740740740743 0.6921875 0.5490740740740743
1 0.7359375 0.4083333333333335 0.703125 0.40833333333333344 0.703125 0.45277777777777795 0.7359375 0.452777777777778
1 0.6786458333333333 0.49166666666666686 0.6552083333333333 0.49166666666666686 0.6552083333333333 0.5287037037037039 0.6786458333333333 0.5287037037037039
1 0.7390625 0.3620370370370372 0.7114583333333333 0.36203703703703716 0.7114583333333333 0.40000000000000013 0.7390625 0.4000000000000002
1 0.778125 0.2055555555555557 0.75625 0.2055555555555557 0.75625 0.252777777777778 0.778125 0.252777777777778
1 0.7578125 0.0120370370370372 0.7348958333333333 0.012037037037037198 0.7348958333333333 0.05092592592592609 0.7578125 0.0509259259259261
1 0.34375 0.056481481481481556 0.32395833333333335 0.05648148148148155 0.32395833333333335 0.08888888888888896 0.34375 0.08888888888888896