1 0.475 0.3712962962962964 0.45677083333333335 0.3712962962962964 0.45677083333333335 0.4037037037037038 0.475 0.4037037037037038
1 0.37916666666666665 0.4351851851851853 0.3651041666666667 0.4351851851851853 0.3651041666666667 0.4648148148148149 0.37916666666666665 0.4648148148148149
1 0.396875 0.4351851851851853 0.38385416666666666 0.4351851851851853 0.38385416666666666 0.46944444444444455 0.396875 0.46944444444444455
1 0.40989583333333335 0.44537037037037047 0.39739583333333334 0.44537037037037047 0.39739583333333334 0.4824074074074074 0.40989583333333335 0.4824074074074074
1 0.43125 0.4703703703703705 0.4114583333333333 0.4703703703703705 0.4114583333333333 0.5064814814814815 0.43125 0.5064814814814815
1 0.4161458333333333 0.7361111111111112 0.40625 0.7361111111111112 0.40625 0.7685185185185185 0.4161458333333333 0.7685185185185185
1 0.4114583333333333 0.7453703703703703 0.39895833333333336 0.7453703703703703 0.39895833333333336 0.787962962962963 0.4114583333333333 0.787962962962963
1 0.4005208333333333 0.7574074074074074 0.3880208333333333 0.7574074074074074 0.3880208333333333 0.7861111111111111 0.4005208333333333 0.7861111111111111
1 0.46510416666666676 0.8657407407407407 0.4505208333333334 0.8657407407407407 0.4505208333333334 0.9018518518518519 0.46510416666666676 0.9018518518518519
1 0.5395833333333333 0.9129629629629632 0.5197916666666668 0.9129629629629632 0.5197916666666668 0.9518518518518518 0.5395833333333333 0.9518518518518518
1 0.5057291666666668 0.9694444444444444 0.4869791666666668 0.9694444444444444 0.4869791666666668 1 0.5057291666666668 1
1 0.321875 0.7731481481481481 0.3125 0.7731481481481481 0.3125 0.8 0.321875 0.8
1 0.31614583333333335 0.7638888888888888 0.3046875 0.7638888888888888 0.3046875 0.7953703703703704 0.31614583333333335 0.7953703703703704
1 0.2505208333333334 0.7064814814814815 0.23750000000000007 0.7064814814814815 0.23750000000000007 0.7342592592592593 0.2505208333333334 0.7342592592592593
1 0.27447916666666666 0.4703703703703705 0.2619791666666667 0.4703703703703705 0.2619791666666667 0.5027777777777778 0.27447916666666666 0.5027777777777778
1 0.2833333333333333 0.49537037037037035 0.2661458333333334 0.49537037037037035 0.2661458333333334 0.5212962962962963 0.2833333333333333 0.5212962962962963
1 0.3125 0.30462962962962975 0.29583333333333334 0.30462962962962975 0.29583333333333334 0.3361111111111112 0.3125 0.3361111111111112
1 0.50625 0.19814814814814824 0.4875 0.19814814814814824 0.4875 0.23888888888888898 0.50625 0.23888888888888898
1 0.6640625 0.1342592592592594 0.64375 0.1342592592592594 0.64375 0.17129629629629645 0.6640625 0.17129629629629645
1 0.6255208333333333 0.21018518518518534 0.6140625 0.21018518518518534 0.6140625 0.23981481481481493 0.6255208333333333 0.23981481481481493
1 0.7302083333333333 0.5870370370370372 0.7182291666666667 0.5870370370370372 0.7182291666666667 0.6185185185185187 0.7302083333333333 0.6185185185185187
1 0.7453125 0.5907407407407409 0.7286458333333333 0.5907407407407409 0.7286458333333333 0.6250000000000002 0.7453125 0.6250000000000002
1 0.19531250000000006 0.49444444444444446 0.18385416666666674 0.49444444444444446 0.18385416666666674 0.5166666666666667 0.19531250000000006 0.5166666666666667
1 0.2348958333333334 0.5064814814814815 0.2239583333333334 0.5064814814814815 0.2239583333333334 0.5277777777777778 0.2348958333333334 0.5277777777777778
1 0.24166666666666672 0.49537037037037035 0.2291666666666667 0.49537037037037035 0.2291666666666667 0.512962962962963 0.24166666666666672 0.512962962962963
1 0.10104166666666672 0.7268518518518519 0.0880208333333334 0.7268518518518519 0.0880208333333334 0.7490740740740741 0.10104166666666672 0.7490740740740741