1 0.3546875 0.005555555555555631 0.3421875 0.0055555555555556295 0.3421875 0.02685185185185193 0.3546875 0.026851851851851932
1 0.353125 0.05370370370370378 0.3463541666666667 0.05370370370370378 0.3463541666666667 0.06111111111111119 0.353125 0.06111111111111119
1 0.3640625 0.08333333333333341 0.3541666666666667 0.08333333333333341 0.3541666666666667 0.100925925925926 0.3640625 0.100925925925926
1 0.4203125 0.22037037037037047 0.41354166666666664 0.22037037037037047 0.41354166666666664 0.22962962962962974 0.4203125 0.22962962962962974
1 0.4270833333333333 0.24074074074074084 0.42083333333333334 0.24074074074074084 0.42083333333333334 0.2500000000000001 0.4270833333333333 0.2500000000000001
1 0.4317708333333333 0.2527777777777779 0.4265625 0.2527777777777779 0.4265625 0.25925925925925936 0.4317708333333333 0.25925925925925936
1 0.4005208333333333 0.2074074074074075 0.39427083333333335 0.2074074074074075 0.39427083333333335 0.21481481481481493 0.4005208333333333 0.21481481481481493
1 0.41041666666666665 0.24074074074074084 0.4036458333333333 0.24074074074074084 0.4036458333333333 0.2500000000000001 0.41041666666666665 0.2500000000000001
1 0.3734375 0.23611111111111122 0.36666666666666664 0.23611111111111122 0.36666666666666664 0.2453703703703705 0.3734375 0.2453703703703705
1 0.3932291666666667 0.2981481481481483 0.38645833333333335 0.2981481481481483 0.38645833333333335 0.3064814814814816 0.3932291666666667 0.3064814814814816
1 0.37395833333333334 0.3000000000000001 0.3671875 0.3000000000000001 0.3671875 0.30925925925925934 0.37395833333333334 0.30925925925925934
1 0.4276041666666667 0.28055555555555567 0.42239583333333336 0.28055555555555567 0.42239583333333336 0.2879629629629631 0.4276041666666667 0.2879629629629631
1 0.434375 0.2981481481481483 0.428125 0.2981481481481483 0.428125 0.3064814814814816 0.434375 0.3064814814814816
1 0.36354166666666665 0.3694444444444446 0.35885416666666664 0.3694444444444446 0.35885416666666664 0.3777777777777779 0.36354166666666665 0.3777777777777779
1 0.34270833333333334 0.43703703703703717 0.33541666666666664 0.43703703703703717 0.33541666666666664 0.44537037037037047 0.34270833333333334 0.44537037037037047
1 0.34479166666666666 0.35648148148148157 0.3390625 0.35648148148148157 0.3390625 0.3648148148148149 0.34479166666666666 0.3648148148148149
1 0.37916666666666665 0.43425925925925934 0.3729166666666667 0.43425925925925934 0.3729166666666667 0.44166666666666676 0.37916666666666665 0.44166666666666676
1 0.3692708333333333 0.4175925925925927 0.3640625 0.4175925925925927 0.3640625 0.42407407407407416 0.3692708333333333 0.42407407407407416
1 0.41354166666666664 0.44722222222222235 0.4088541666666667 0.44722222222222235 0.4088541666666667 0.4546296296296297 0.41354166666666664 0.4546296296296297
1 0.4234375 0.3962962962962964 0.41822916666666665 0.3962962962962964 0.41822916666666665 0.4064814814814816 0.4234375 0.4064814814814816
1 0.44166666666666665 0.32870370370370383 0.4354166666666667 0.32870370370370383 0.4354166666666667 0.3379629629629631 0.44166666666666665 0.3379629629629631
1 0.44583333333333336 0.4250000000000001 0.44114583333333335 0.4250000000000001 0.44114583333333335 0.4324074074074075 0.44583333333333336 0.4324074074074075
1 0.43645833333333334 0.4564814814814816 0.43072916666666666 0.4564814814814816 0.43072916666666666 0.46203703703703713 0.43645833333333334 0.46203703703703713