1 0.7135416666666666 0.7314814814814817 0.6973958333333333 0.7314814814814817 0.6973958333333333 0.7537037037037039 0.7135416666666666 0.7537037037037039
1 0.7057291666666666 0.7055555555555557 0.69375 0.7055555555555557 0.69375 0.7212962962962965 0.7057291666666666 0.7212962962962965
1 0.6276041666666666 0.6842592592592595 0.615625 0.6842592592592595 0.615625 0.7018518518518521 0.6276041666666666 0.7018518518518521
1 0.671875 0.5481481481481484 0.659375 0.5481481481481484 0.659375 0.5666666666666669 0.671875 0.5666666666666669
1 0.6666666666666666 0.5166666666666668 0.6604166666666667 0.5166666666666668 0.6604166666666667 0.5305555555555558 0.6666666666666666 0.5305555555555558
1 0.6604166666666667 0.4851851851851854 0.6494791666666667 0.4851851851851854 0.6494791666666667 0.4990740740740743 0.6604166666666667 0.4990740740740743
1 0.6479166666666667 0.5453703703703706 0.6375 0.5453703703703706 0.6375 0.5583333333333336 0.6479166666666667 0.5583333333333336
1 0.6432291666666666 0.3537037037037038 0.6364583333333333 0.3537037037037038 0.6364583333333333 0.3648148148148149 0.6432291666666666 0.3648148148148149
1 0.6166666666666667 0.3925925925925927 0.6098958333333333 0.3925925925925927 0.6098958333333333 0.4027777777777779 0.6166666666666667 0.4027777777777779
1 0.596875 0.3814814814814816 0.5901041666666667 0.3814814814814816 0.5901041666666667 0.38981481481481495 0.596875 0.38981481481481495
1 0.5927083333333333 0.36296296296296304 0.5838541666666667 0.36296296296296304 0.5838541666666667 0.37222222222222234 0.5927083333333333 0.37222222222222234
1 0.5833333333333334 0.35185185185185197 0.578125 0.35185185185185197 0.578125 0.36203703703703716 0.5833333333333334 0.36203703703703716
1 0.6057291666666667 0.3601851851851853 0.5994791666666667 0.3601851851851853 0.5994791666666667 0.3675925925925927 0.6057291666666667 0.3675925925925927
1 0.5875 0.325925925925926 0.58125 0.325925925925926 0.58125 0.33240740740740754 0.5875 0.33240740740740754
1 0.58125 0.3064814814814816 0.575 0.3064814814814816 0.575 0.31481481481481494 0.58125 0.31481481481481494
1 0.5739583333333333 0.2916666666666668 0.5692708333333333 0.2916666666666668 0.5692708333333333 0.29907407407407416 0.5739583333333333 0.29907407407407416
1 0.5729166666666666 0.27685185185185196 0.5671875 0.27685185185185196 0.5671875 0.2842592592592594 0.5729166666666666 0.2842592592592594
1 0.6229166666666667 0.29907407407407416 0.6171875 0.29907407407407416 0.6171875 0.3064814814814816 0.6229166666666667 0.3064814814814816
1 0.6432291666666666 0.2898148148148149 0.6359375 0.2898148148148149 0.6359375 0.30277777777777787 0.6432291666666666 0.30277777777777787
1 0.703125 0.8287037037037039 0.69375 0.8287037037037039 0.69375 0.8453703703703705 0.703125 0.8453703703703705
1 0.7390625 0.8675925925925928 0.7270833333333333 0.8675925925925928 0.7270833333333333 0.8833333333333335 0.7390625 0.8833333333333335
1 0.7390625 0.8509259259259261 0.728125 0.8509259259259261 0.728125 0.8675925925925928 0.7390625 0.8675925925925928
1 0.728125 0.7250000000000002 0.7177083333333333 0.7250000000000002 0.7177083333333333 0.7388888888888892 0.728125 0.7388888888888892
1 0.73125 0.7212962962962965 0.7234375 0.7212962962962965 0.7234375 0.7342592592592595 0.73125 0.7342592592592595
1 0.7020833333333333 0.6675925925925928 0.69375 0.6675925925925928 0.69375 0.6805555555555558 0.7020833333333333 0.6805555555555558
1 0.5338541666666666 0.8796296296296299 0.5255208333333334 0.8796296296296299 0.5255208333333334 0.8907407407407409 0.5338541666666666 0.8907407407407409
1 0.6526041666666667 0.2157407407407409 0.6484375 0.2157407407407409 0.6484375 0.22407407407407423 0.6526041666666667 0.22407407407407423
1 0.671875 0.22777777777777794 0.6666666666666666 0.22777777777777794 0.6666666666666666 0.23611111111111127 0.671875 0.23611111111111127
1 0.5614583333333333 0.40555555555555567 0.55625 0.40555555555555567 0.55625 0.4166666666666668 0.5614583333333333 0.4166666666666668
1 0.56875 0.3833333333333334 0.5630208333333333 0.3833333333333334 0.5630208333333333 0.3925925925925927 0.56875 0.3925925925925927
1 0.5729166666666666 0.13703703703703715 0.5677083333333334 0.13703703703703715 0.5677083333333334 0.14537037037037048 0.5729166666666666 0.14537037037037048
1 0.5635416666666667 0.17222222222222233 0.559375 0.17222222222222233 0.559375 0.17962962962962972 0.5635416666666667 0.17962962962962972
1 0.5890625 0.19907407407407418 0.5828125 0.19907407407407418 0.5828125 0.21018518518518528 0.5890625 0.21018518518518528
1 0.596875 0.1425925925925927 0.5921875 0.1425925925925927 0.5921875 0.1500000000000001 0.596875 0.1500000000000001
1 0.6265625 0.12037037037037053 0.6208333333333333 0.12037037037037053 0.6208333333333333 0.12777777777777793 0.6265625 0.12777777777777793
1 0.6369791666666667 0.14907407407407422 0.63125 0.14907407407407422 0.63125 0.15648148148148164 0.6369791666666667 0.15648148148148164
1 0.6463541666666667 0.16851851851851868 0.6416666666666667 0.16851851851851868 0.6416666666666667 0.1759259259259261 0.6463541666666667 0.1759259259259261
1 0.6458333333333334 0.16296296296296311 0.640625 0.16296296296296311 0.640625 0.17129629629629645 0.6458333333333334 0.17129629629629645
1 0.678125 0.13796296296296312 0.6713541666666667 0.13796296296296312 0.6713541666666667 0.14629629629629645 0.678125 0.14629629629629645
1 0.675 0.14259259259259274 0.6697916666666667 0.14259259259259274 0.6697916666666667 0.15092592592592607 0.675 0.15092592592592607