1 0.5140625 0.5490740740740743 0.4942708333333333 0.5490740740740743 0.4942708333333333 0.5805555555555557 0.5140625 0.5805555555555557
1 0.465625 0.6388888888888888 0.4453125 0.6388888888888888 0.4453125 0.6712962962962963 0.465625 0.6712962962962963
1 0.47604166666666664 0.6648148148148149 0.4484375 0.6648148148148149 0.4484375 0.6990740740740741 0.47604166666666664 0.6990740740740741
1 0.4479166666666667 0.6592592592592592 0.4265625 0.6592592592592592 0.4265625 0.6916666666666667 0.4479166666666667 0.6916666666666667
1 0.4359375 0.4935185185185185 0.4140625 0.4935185185185185 0.4140625 0.5222222222222223 0.4359375 0.5222222222222223
1 0.48333333333333334 0.42592592592592604 0.4630208333333333 0.42592592592592604 0.4630208333333333 0.45555555555555566 0.48333333333333334 0.45555555555555566
1 0.4140625 0.4500000000000001 0.39427083333333335 0.4500000000000001 0.39427083333333335 0.4740740740740741 0.4140625 0.4740740740740741
1 0.284375 0.48055555555555557 0.26250000000000007 0.48055555555555557 0.26250000000000007 0.5111111111111111 0.284375 0.5111111111111111
1 0.26250000000000007 0.5666666666666667 0.24322916666666672 0.5666666666666667 0.24322916666666672 0.5962962962962963 0.26250000000000007 0.5962962962962963
1 0.27291666666666664 0.413888888888889 0.253125 0.413888888888889 0.25312500000000004 0.44351851851851865 0.27291666666666664 0.44351851851851865
1 0.2677083333333333 0.3953703703703705 0.24791666666666667 0.3953703703703705 0.24791666666666667 0.4175925925925927 0.2677083333333333 0.4175925925925927
1 0.4734375 0.24722222222222232 0.4515625 0.24722222222222232 0.4515625 0.2777777777777779 0.4734375 0.2777777777777779
1 0.4578125 0.23888888888888898 0.43802083333333336 0.23888888888888898 0.43802083333333336 0.2740740740740742 0.4578125 0.2740740740740742
1 0.25729166666666664 0.13611111111111115 0.23385416666666667 0.13611111111111115 0.23385416666666667 0.16018518518518524 0.25729166666666664 0.16018518518518524
1 0.2515625 0.16111111111111118 0.2296875 0.16111111111111118 0.2296875 0.1907407407407408 0.2515625 0.1907407407407408
1 0.2515625 0.039814814814814865 0.2375 0.039814814814814865 0.2375 0.05925925925925931 0.2515625 0.05925925925925931
1 0.45677083333333335 0.025000000000000095 0.43333333333333335 0.02500000000000009 0.43333333333333335 0.07314814814814825 0.45677083333333335 0.07314814814814825
1 0.5848958333333333 0.2462962962962964 0.5651041666666666 0.2462962962962964 0.5651041666666666 0.2740740740740742 0.5848958333333333 0.2740740740740742
1 0.621875 0.1490740740740742 0.6041666666666666 0.1490740740740742 0.6041666666666666 0.16944444444444456 0.621875 0.1694444444444446
1 0.6880208333333333 0.3694444444444446 0.671875 0.3694444444444446 0.671875 0.4000000000000001 0.6880208333333333 0.4000000000000001