1 0.7197916666666667 0.690740740740741 0.7046875 0.690740740740741 0.7046875 0.7129629629629631 0.7197916666666667 0.7129629629629631
1 0.7447916666666666 0.7092592592592595 0.734375 0.7092592592592595 0.734375 0.7296296296296299 0.7447916666666666 0.7296296296296299
1 0.7395833333333334 0.7055555555555557 0.7296875 0.7055555555555557 0.7296875 0.7259259259259261 0.7395833333333334 0.7259259259259261
1 0.715625 0.7259259259259261 0.7067708333333333 0.7259259259259261 0.7067708333333333 0.739814814814815 0.715625 0.739814814814815
1 0.7145833333333333 0.7620370370370373 0.7057291666666666 0.7620370370370373 0.7057291666666666 0.7787037037037039 0.7145833333333333 0.7787037037037039
1 0.6364583333333333 0.727777777777778 0.6255208333333333 0.727777777777778 0.6255208333333333 0.7462962962962965 0.6364583333333333 0.7462962962962965
1 0.6848958333333334 0.8898148148148151 0.6739583333333333 0.8898148148148151 0.6739583333333333 0.9064814814814817 0.6848958333333334 0.9064814814814817
1 0.671875 0.9601851851851851 0.6614583333333334 0.9601851851851851 0.6614583333333334 0.9768518518518519 0.671875 0.9768518518518519
1 0.7015625 0.37592592592592605 0.6921875 0.37592592592592605 0.6921875 0.38796296296296306 0.7015625 0.38796296296296306
1 0.7359375 0.402777777777778 0.7286458333333333 0.402777777777778 0.7286458333333333 0.4138888888888891 0.7359375 0.4138888888888891
1 0.7411458333333333 0.5731481481481484 0.73125 0.5731481481481484 0.73125 0.5879629629629631 0.7411458333333333 0.5879629629629631
1 0.7427083333333333 0.5879629629629631 0.734375 0.5879629629629631 0.734375 0.602777777777778 0.7427083333333333 0.602777777777778
1 0.7203125 0.3925925925925927 0.7130208333333333 0.3925925925925927 0.7130208333333333 0.40462962962962973 0.7203125 0.40462962962962973
1 0.5489583333333333 0.5324074074074077 0.5421875 0.5324074074074077 0.5421875 0.5453703703703706 0.5489583333333333 0.5453703703703706
1 0.7098958333333333 0.602777777777778 0.7 0.602777777777778 0.7 0.6166666666666669 0.7098958333333333 0.6166666666666669
1 0.6604166666666667 0.8870370370370373 0.65 0.8870370370370373 0.65 0.901851851851852 0.6604166666666667 0.901851851851852