1 0.37447916666666664 0.6824074074074075 0.36041666666666666 0.6824074074074075 0.36041666666666666 0.7055555555555556 0.37447916666666664 0.7055555555555556
1 0.34427083333333336 0.7194444444444444 0.334375 0.7194444444444444 0.334375 0.737037037037037 0.34427083333333336 0.737037037037037
1 0.3880208333333333 0.7055555555555556 0.3776041666666667 0.7055555555555556 0.3776041666666667 0.725925925925926 0.3880208333333333 0.725925925925926
1 0.4005208333333333 0.7324074074074074 0.3848958333333333 0.7324074074074074 0.3848958333333333 0.7537037037037037 0.4005208333333333 0.7537037037037037
1 0.3734375 0.7148148148148148 0.36354166666666665 0.7148148148148148 0.36354166666666665 0.7305555555555555 0.3734375 0.7305555555555555
1 0.46822916666666664 0.7398148148148148 0.45677083333333335 0.7398148148148148 0.45677083333333335 0.7648148148148148 0.46822916666666664 0.7648148148148148
1 0.4635416666666667 0.7805555555555556 0.45208333333333334 0.7805555555555556 0.45208333333333334 0.8055555555555556 0.4635416666666667 0.8055555555555556
1 0.5885416666666666 0.6712962962962965 0.5760416666666667 0.6712962962962965 0.5760416666666667 0.6944444444444446 0.5885416666666666 0.6944444444444446
1 0.5916666666666667 0.6962962962962965 0.5802083333333333 0.6962962962962965 0.5802083333333333 0.7101851851851854 0.5916666666666667 0.7101851851851854
1 0.596875 0.7120370370370372 0.5817708333333333 0.7120370370370372 0.5817708333333333 0.7305555555555557 0.596875 0.7305555555555557
1 0.6 0.6851851851851853 0.590625 0.6851851851851853 0.590625 0.7074074074074076 0.6 0.7074074074074076
1 0.6296875 0.7157407407407409 0.6197916666666666 0.7157407407407409 0.6197916666666666 0.7416666666666669 0.6296875 0.7416666666666669
1 0.628125 0.7620370370370373 0.6166666666666667 0.7620370370370373 0.6166666666666667 0.7851851851851854 0.628125 0.7851851851851854
1 0.6869791666666667 0.6694444444444446 0.6755208333333333 0.6694444444444446 0.6755208333333333 0.689814814814815 0.6869791666666667 0.689814814814815
1 0.6942708333333333 0.6712962962962965 0.684375 0.6712962962962965 0.684375 0.6962962962962965 0.6942708333333333 0.6962962962962965
1 0.6432291666666666 0.7055555555555557 0.6322916666666667 0.7055555555555557 0.6322916666666667 0.7259259259259261 0.6432291666666666 0.7259259259259261
1 0.615625 0.6935185185185188 0.6041666666666666 0.6935185185185188 0.6041666666666666 0.7138888888888891 0.615625 0.7138888888888891
1 0.4359375 0.6546296296296297 0.42604166666666665 0.6546296296296297 0.42604166666666665 0.675 0.4359375 0.675
1 0.35885416666666664 0.7379629629629629 0.35104166666666664 0.7379629629629629 0.35104166666666664 0.75 0.35885416666666664 0.75
1 0.34427083333333336 0.7490740740740741 0.33541666666666664 0.7490740740740741 0.33541666666666664 0.7685185185185185 0.34427083333333336 0.7685185185185185