1 0.5713541666666667 0.7500000000000002 0.55 0.7500000000000002 0.55 0.7879629629629632 0.5713541666666667 0.7879629629629632
1 0.5401041666666667 0.4231481481481483 0.5192708333333333 0.4231481481481483 0.5192708333333333 0.4703703703703705 0.5401041666666667 0.4703703703703705
1 0.4828125 0.46203703703703713 0.46510416666666665 0.46203703703703713 0.46510416666666665 0.5046296296296297 0.4828125 0.5046296296296297
1 0.3963541666666667 0.45185185185185195 0.37552083333333336 0.45185185185185195 0.37552083333333336 0.4981481481481482 0.3963541666666667 0.4981481481481482
1 0.5286458333333334 0.044444444444444564 0.5140625 0.044444444444444564 0.5140625 0.08981481481481492 0.5286458333333334 0.08981481481481492
1 0.5447916666666667 0.04166666666666678 0.5270833333333333 0.04166666666666678 0.5270833333333333 0.08240740740740753 0.5447916666666667 0.08240740740740754
1 0.6302083333333334 0.00555555555555569 0.6151041666666667 0.0055555555555556885 0.6151041666666667 0.04814814814814828 0.6302083333333334 0.04814814814814828
1 0.6510416666666666 0.11203703703703717 0.6364583333333333 0.11203703703703717 0.6364583333333333 0.14907407407407422 0.6510416666666666 0.14907407407407422
1 0.6630208333333333 0.11851851851851868 0.6453125 0.11851851851851868 0.6453125 0.16111111111111126 0.6630208333333333 0.16111111111111126
1 0.709375 0.15462962962962978 0.6885416666666667 0.15462962962962978 0.6885416666666667 0.19537037037037053 0.709375 0.19537037037037053
1 0.7104166666666667 0.12314814814814831 0.6942708333333333 0.12314814814814831 0.6942708333333333 0.15185185185185202 0.7104166666666667 0.15185185185185202
1 0.6557291666666667 0.4324074074074075 0.6380208333333334 0.4324074074074075 0.6380208333333334 0.4722222222222223 0.6557291666666667 0.4722222222222223
1 0.6671875 0.4500000000000001 0.6447916666666667 0.4500000000000001 0.6447916666666667 0.49537037037037057 0.6671875 0.49537037037037057
1 0.6796875 0.47592592592592614 0.6619791666666667 0.47592592592592614 0.6619791666666667 0.5111111111111113 0.6796875 0.5111111111111113
1 0.6916666666666667 0.3953703703703705 0.6723958333333333 0.3953703703703705 0.6723958333333333 0.42962962962962975 0.6916666666666667 0.42962962962962975
1 0.8135416666666667 0.4537037037037039 0.7958333333333333 0.4537037037037039 0.7958333333333333 0.4824074074074076 0.8135416666666667 0.4824074074074076
1 0.8182291666666667 0.4129629629629632 0.7973958333333333 0.4129629629629632 0.7973958333333333 0.452777777777778 0.8182291666666667 0.452777777777778
1 0.7432291666666667 0.5287037037037039 0.7234375 0.5287037037037039 0.7234375 0.5685185185185188 0.7432291666666667 0.5685185185185188
1 0.7192708333333333 0.8009259259259262 0.7046875 0.8009259259259262 0.7046875 0.8351851851851854 0.7192708333333333 0.8351851851851854
1 0.6880208333333333 0.7648148148148151 0.6755208333333333 0.7648148148148151 0.6755208333333333 0.7916666666666669 0.6880208333333333 0.7916666666666669
1 0.7890625 0.6962962962962965 0.7739583333333333 0.6962962962962965 0.7739583333333333 0.7342592592592595 0.7890625 0.7342592592592595
1 0.26979166666666665 0.09907407407407412 0.25364583333333335 0.09907407407407412 0.25364583333333335 0.13981481481481486 0.26979166666666665 0.13981481481481486
1 0.18177083333333338 0.5537037037037037 0.16406250000000006 0.5537037037037037 0.16406250000000006 0.5879629629629629 0.18177083333333338 0.5879629629629629
1 0.17031250000000006 0.5342592592592592 0.1520833333333334 0.5342592592592592 0.1520833333333334 0.5685185185185185 0.17031250000000006 0.5685185185185185
1 0.84375 0.4592592592592595 0.8260416666666667 0.4592592592592595 0.8260416666666667 0.4962962962962965 0.84375 0.4962962962962965
1 0.5026041666666666 0.22962962962962974 0.4817708333333333 0.22962962962962974 0.4817708333333333 0.2787037037037038 0.5026041666666666 0.2787037037037038
1 0.48125 0.23611111111111122 0.46145833333333336 0.23611111111111122 0.46145833333333336 0.2814814814814816 0.48125 0.2814814814814816
1 0.4901041666666667 0.04074074074074085 0.478125 0.04074074074074085 0.478125 0.06851851851851862 0.4901041666666667 0.06851851851851862
1 0.5 0.05740740740740751 0.48854166666666665 0.05740740740740751 0.48854166666666665 0.08888888888888899 0.5 0.08888888888888899
1 0.39375 0.01944444444444453 0.3854166666666667 0.01944444444444453 0.3854166666666667 0.05370370370370379 0.39375 0.053703703703703795