1 0.6828125 0.7037037037037039 0.665625 0.7037037037037039 0.665625 0.7453703703703706 0.6828125 0.7453703703703706
1 0.696875 0.7222222222222224 0.6786458333333333 0.7222222222222224 0.6786458333333333 0.7555555555555558 0.696875 0.7555555555555558
1 0.7067708333333333 0.7129629629629631 0.6916666666666667 0.7129629629629631 0.6916666666666667 0.7500000000000002 0.7067708333333333 0.7500000000000002
1 0.38645833333333335 0.8148148148148148 0.37604166666666666 0.8148148148148148 0.37604166666666666 0.8416666666666667 0.38645833333333335 0.8416666666666667
1 0.39062500000000006 0.8296296296296296 0.37916666666666665 0.8296296296296296 0.3791666666666667 0.8638888888888889 0.3906250000000001 0.8638888888888889
1 0.6026041666666667 0.9537037037037037 0.5885416666666666 0.9537037037037037 0.5885416666666666 0.9824074074074074 0.6026041666666667 0.9824074074074074
1 0.6140625 0.950925925925926 0.5963541666666666 0.950925925925926 0.5963541666666666 0.9805555555555555 0.6140625 0.9805555555555555
1 0.3296875 0.5685185185185185 0.3104166666666667 0.5685185185185185 0.3104166666666667 0.5981481481481481 0.3296875 0.5981481481481481
1 0.3182291666666667 0.5444444444444444 0.3046875 0.5444444444444444 0.3046875 0.5703703703703704 0.3182291666666667 0.5703703703703704
1 0.31666666666666665 0.5768518518518518 0.30520833333333336 0.5768518518518518 0.30520833333333336 0.600925925925926 0.31666666666666665 0.600925925925926
1 0.3328125 0.5518518518518518 0.3203125 0.5518518518518518 0.3203125 0.5805555555555556 0.3328125 0.5805555555555556
1 0.29010416666666666 0.5388888888888889 0.2765625 0.5388888888888889 0.2765625 0.5666666666666667 0.29010416666666666 0.5666666666666667