1 0.17604166666666668 0.3851851851851852 0.15572916666666667 0.3851851851851852 0.15572916666666667 0.4212962962962963 0.17604166666666668 0.4212962962962963
1 0.1921875 0.37777777777777777 0.16927083333333334 0.37777777777777777 0.16927083333333334 0.41944444444444445 0.1921875 0.41944444444444445
1 0.24739583333333334 0.35740740740740745 0.22447916666666667 0.3574074074074074 0.22447916666666667 0.39351851851851855 0.24739583333333334 0.3935185185185186
1 0.35989583333333336 0.38611111111111124 0.3421875 0.38611111111111124 0.3421875 0.42222222222222233 0.35989583333333336 0.42222222222222233
1 0.36041666666666666 0.36296296296296304 0.33697916666666666 0.36296296296296304 0.33697916666666666 0.39814814814814825 0.36041666666666666 0.39814814814814825
1 0.365625 0.5953703703703703 0.3453125 0.5953703703703703 0.3453125 0.625 0.365625 0.625
1 0.4609375 0.4064814814814816 0.446875 0.4064814814814816 0.446875 0.4425925925925927 0.4609375 0.4425925925925927
1 0.47291666666666665 0.4175925925925927 0.45625 0.4175925925925927 0.45625 0.4564814814814816 0.47291666666666665 0.4564814814814816
1 0.5328125 0.4648148148148149 0.515625 0.4648148148148149 0.515625 0.5083333333333335 0.5328125 0.5083333333333335
1 0.5770833333333333 0.36851851851851863 0.5619791666666667 0.36851851851851863 0.5619791666666667 0.413888888888889 0.5770833333333333 0.413888888888889
1 0.5932291666666667 0.3777777777777779 0.5755208333333334 0.3777777777777779 0.5755208333333334 0.4175925925925927 0.5932291666666667 0.4175925925925927
1 0.5921875 0.3435185185185186 0.56875 0.3435185185185186 0.56875 0.3851851851851853 0.5921875 0.3851851851851853
1 0.5052083333333334 0.32037037037037047 0.484375 0.32037037037037047 0.484375 0.3611111111111112 0.5052083333333334 0.3611111111111112
1 0.4791666666666667 0.2814814814814816 0.4625 0.2814814814814816 0.4625 0.3157407407407408 0.4791666666666667 0.3157407407407408
1 0.4947916666666667 0.046296296296296405 0.4765625 0.046296296296296405 0.4765625 0.09074074074074084 0.4947916666666667 0.09074074074074084
1 0.5421875 0.01296296296296308 0.5286458333333334 0.012962962962963079 0.5286458333333334 0.04537037037037049 0.5421875 0.04537037037037049
1 0.45989583333333334 0.03425925925925936 0.44479166666666664 0.03425925925925935 0.44479166666666664 0.06666666666666678 0.45989583333333334 0.06666666666666678
1 0.44427083333333334 0.018518518518518615 0.42864583333333334 0.01851851851851861 0.42864583333333334 0.063888888888889 0.44427083333333334 0.063888888888889
1 0.30052083333333335 6.344350778916149e-17 0.28229166666666666 6.145912640165421e-17 0.28229166666666666 0.041666666666666734 0.30052083333333335 0.041666666666666734
1 0.3145833333333333 0.0027777777777778442 0.29791666666666666 0.002777777777777843 0.29791666666666666 0.0333333333333334 0.3145833333333333 0.0333333333333334
1 0.14739583333333334 0.08240740740740743 0.1296875 0.08240740740740743 0.1296875 0.11944444444444449 0.14739583333333334 0.11944444444444449
1 0.24895833333333334 0.008333333333333385 0.23541666666666666 0.008333333333333385 0.23541666666666666 0.03888888888888894 0.24895833333333334 0.03888888888888894
1 0.434375 0.7814814814814814 0.4203125 0.7814814814814814 0.4203125 0.8092592592592592 0.434375 0.8092592592592592
1 0.7270833333333333 0.6064814814814817 0.7052083333333333 0.6064814814814817 0.7052083333333333 0.651851851851852 0.7270833333333333 0.651851851851852